6 7 3 3 3 3 1 2 

-0.609579,0.440198,-0.144632,0.413828,0.0829809,-0.138389,0.0907299,0.19254,-0.455452,

0.107012,0.179436,-0.0655072,0.205622,-0.350272,-0.492823,-0.218058,0.303386,0.418208,

-0.183236,0.062461,0.16376,0.0435289,0.306402,-0.245822,0.0940554,0.509966,-0.340873,

-0.233828,0.293427,-0.293747,0.27863,0.131799,0.34352,0.415046,0.185032,-0.344698,

-0.135468,-0.480697,0.150167,-0.023035,0.178885,0.369575,0.184853,-0.12279,-0.264212,

-0.356909,-0.110648,-0.11729,0.452847,-0.673823,-0.0316353,0.138807,0.520103,-0.329242,

0.460465,0.321766,0.0483248,0.00874402,-0.329524,-0.100334,0.275398,0.00392279,0.170906,

-0.343627,-0.113504,0.252825,-0.14618,0.182504,0.367266,0.237129,0.311599,0.412109,

0.177458,0.555635,0.253649,0.416552,0.490465,0.587746,0.0186151,-0.272194,0.469261,

0.0989584,-0.307363,-0.435127,-0.0769974,-0.131816,0.0928167,0.422604,-0.195776,0.291429,

-0.0263709,-0.142161,-0.278264,0.31256,-0.492917,0.260223,0.267531,-0.425745,-0.249932,

-0.024667,0.0410004,-0.0324245,-0.00372289,0.330389,0.284537,0.468289,-0.11707,-0.588651,

-0.383796,-0.253317,-0.509782,-0.341084,-0.27773,-0.0784359,-0.322667,-0.293139,0.214891,

-0.393013,0.491103,0.257937,-0.486554,0.241581,-0.386317,-0.479331,0.472722,-0.562688,

0.521562,0.0338294,-0.265827,0.380069,-0.0111989,-0.234778,-0.469685,-0.299713,-0.527992,

-0.0814846,-0.0881623,-0.5118,0.142922,0.382206,-0.407755,0.0232975,0.0358694,0.155261,

-0.405657,0.184801,0.0445752,0.41001,-0.255066,0.0624437,-0.40219,-0.0467388,0.0909705,

-0.272054,0.441324,-0.336934,0.209684,-0.374062,0.141621,-0.314631,-0.5073,-0.628796,

0.400437,0.334015,-0.218217,0.0261715,0.225531,0.325698,0.226197,-0.115223,0.174363,

-0.152502,0.0215128,0.632096,-0.0896794,0.116991,-0.0619346,0.210598,-0.0381909,-0.131131,

-0.196787,-0.116013,0.24788,0.0206817,0.209072,-0.295922,-0.104142,0.480757,0.149547,

-0.0740022,0.254678,0.36289,-0.479012,0.0717428,0.387751,0.00823196,-0.374008,0.534608,

-0.437458,0.164658,-0.293611,-0.280263,-0.147487,-0.0860593,0.023452,0.0242845,0.0764041,

0.323255,-0.257551,-0.0530118,0.231793,-0.347927,0.104687,0.0688937,0.139823,-0.389869,

-0.0309531,-0.392631,-0.456466,0.284065,0.128888,0.0580088,-0.230571,-0.199812,0.07798,

-0.129648,-0.410988,0.308875,0.316762,0.252351,0.109226,0.514541,-0.491171,0.24424,

0.377129,0.371472,-0.183425,0.235572,-0.457028,-0.365332,0.233304,0.423504,0.357351,

0.255728,-0.247017,0.221625,-0.206413,-0.161627,0.222463,0.432968,-0.136179,-0.148214,

-0.157084,-0.106515,0.164558,-0.298901,-0.241754,0.472259,-0.0843338,-0.356672,0.0541776,

-0.355959,0.499433,0.409444,0.0831543,0.246125,0.17925,-0.101796,-0.436621,0.0607961,

-0.0164686,0.184702,0.05054,-0.404521,-0.636706,0.32736,-0.283107,-0.441995,-0.4674,

-0.0368052,-0.734156,-0.0415034,-0.539762,0.131276,0.20907,-0.146,0.357489,0.353908,

-0.181321,0.38491,0.432143,0.167601,-0.163498,0.294841,-0.0826158,0.112917,-0.540306,

-0.462693,-0.107511,0.450078,0.119464,0.240888,-0.507936,0.14767,-0.355903,-0.0590346,

-0.418752,-0.410705,0.252853,-0.29703,-0.169005,-0.00791856,-0.244344,-0.390926,0.460991,

-0.172014,0.0641707,-0.0322804,-0.289412,-0.482486,-0.311451,-0.306212,-0.564823,0.489026,

0.615483,0.549007,0.207843,-0.23165,-0.245859,0.0422333,0.334714,-0.380196,0.632581,

-0.0398711,-0.156499,0.534956,-0.0672994,-0.349896,0.452241,-0.378301,-0.123207,-0.642708,

-0.0265433,-0.295906,-0.166334,0.212204,0.146874,0.150898,0.251478,-0.138114,0.326553,

-0.384971,-0.431466,0.134756,-0.0650344,-0.0555971,0.112424,0.435307,0.127997,0.109772,

0.291786,0.247828,-0.521696,0.280018,0.201439,-0.148957,0.287493,-0.0486191,0.0159932,

0.448659,0.317242,-0.333911,-0.46033,0.101409,-0.331872,-0.395684,0.332808,-0.409899,

-0.228318,-0.354569,-0.599423,-0.723469,0.161474,0.438112,-0.487042,0.0323121,0.0556842,
-0.201027,0.296003,-0.406245,0.0778045,0.357536,-0.436448,0.313231,0.494238,0.509018,
-0.375383,-0.258181,-0.268485,0.439771,-0.645956,0.39342,0.485154,0.334043,0.117516,
-0.113322,0.213045,-0.444039,0.233594,-0.0809652,-0.345468,0.0256724,-0.220131,-0.376532,
-0.469352,-0.441253,0.186951,-0.530057,-0.384214,-0.335581,0.302445,0.448288,-0.348439,
0.446946,0.855759,0.456702,-0.412025,-0.287534,0.233193,0.210799,0.385688,0.154773,
0.183502,0.133091,0.40933,-0.447855,0.14344,-0.0596093,-0.50959,0.243167,0.426937,
0.382699,0.0099045,0.284902,-0.220302,0.0922177,0.207008,0.274641,-0.558538,-0.320415,
0.23336,0.0579048,0.317871,-0.20093,0.19038,0.228275,0.464238,0.390121,-0.232498,
0.396314,0.228924,-0.33513,0.197187,0.449433,0.239303,-0.580725,-0.181844,-0.00359619,
0.46707,-0.492638,-0.155365,-0.264225,0.118828,-0.0978161,0.267412,0.419602,-0.163794,
-0.271171,0.314523,-0.127638,0.417355,-0.0919547,-0.0794981,0.0914706,-0.483378,-0.486664,
0.48215,0.0514958,-0.249299,-0.442626,0.0129897,-0.420339,-0.37501,0.400718,-0.284039,
0.246265,0.0896005,0.24335,0.369708,0.0569366,-0.306677,0.612221,-0.251194,0.277469,
-0.412317,0.0797634,-0.120066,-0.229776,-0.213266,-0.425993,0.0986576,0.0675795,-0.294779,
0.245334,-0.000142515,-0.31317,-0.118823,0.383341,0.200462,-0.42764,0.472203,-0.355414,
-0.411557,-0.0660075,-0.447743,0.0403977,0.787777,-0.141956,-0.507301,0.223524,-0.0654393,
-0.256897,-0.324451,-0.0209288,0.44696,0.224266,0.392603,0.164119,-0.315839,-0.774324,
0.0372169,-0.332323,-0.300187,-0.412733,-0.216188,-0.0052015,0.48027,-0.414084,0.0485208,
-0.0771136,-0.381701,-0.41924,0.451353,-0.161618,0.436817,-0.492147,-0.301564,-0.128187,
-0.0908451,-0.0920468,-0.0190036,-0.58862,0.515736,-0.433895,-0.186292,-0.284761,-0.108703,
-0.541169,0.248982,0.412821,-0.491505,-0.0347552,-0.10261,-0.0131111,-0.248689,0.586741,
0.0199321,-0.219253,0.385489,0.361242,-0.258531,0.509289,0.189538,0.456794,0.299779,
0.342585,-0.00409062,0.501985,-0.0505074,0.0391726,-0.199284,0.137191,-0.236566,0.428963,
-0.0838991,0.717435,0.227979,0.336091,-0.46943,-0.566867,-0.164405,0.0809041,-0.0930196,
0.540478,-0.0903352,0.39911,0.326354,0.616518,0.451639,0.112723,-0.388249,-0.0694748,
0.0793094,-0.251845,0.26321,0.32249,0.443922,-0.283242,0.109028,0.624385,-0.332375,
0.074502,-0.00347966,0.0939162,-0.0108007,-0.371432,0.501848,0.255473,0.147756,-0.32604,
0.125086,0.231578,0.0184593,-0.179317,-0.424231,0.207363,0.00425117,-0.269749,-0.403189,
-0.321465,0.149606,-0.18189,-0.272556,0.446149,0.460969,0.333297,-0.0636498,-0.299377,
-0.0452938,-0.158073,-0.0392419,0.427445,-0.252639,0.206068,-0.254253,-0.340767,-0.306432,
-0.550241,-0.156776,-0.172159,-0.0240308,0.0632802,0.13253,-0.381688,-0.37035,0.478707,
0.378641,-0.182403,-0.310193,-0.239593,0.0300436,-0.343028,-0.0516518,0.264126,-0.405442,
0.460484,-0.234303,0.316225,-0.520685,0.388935,-0.00549422,0.0948827,-0.190139,0.201088,
0.15953,0.104603,0.308062,0.365507,0.397575,0.00646745,-0.285853,0.169719,0.180644,
0.268641,0.435574,0.124802,-0.0578489,0.487802,-0.587356,-0.0585009,-0.323019,-0.0348209,
-0.538601,0.0809281,-0.277654,-0.499177,0.167942,0.0372714,0.601506,0.0536344,-0.605004,
-0.427547,-0.342928,-0.449604,-0.26805,0.142012,-0.350899,0.215824,-0.297781,0.249338,
-0.125065,0.175881,-0.0791097,-0.227186,-0.21905,-0.0933642,0.426281,0.53987,0.267976,
-0.40439,-0.256394,0.269993,0.186473,-0.344787,0.319119,-0.316442,-0.0963215,0.171616,
0.420982,-0.121411,0.299341,0.375871,-0.122612,-0.47571,-0.0442313,0.263795,-0.0779452,
-0.0635436,0.392971,-0.1047,-0.0788636,-0.387618,-0.22174,0.365626,0.604832,0.0983915,

0.0901028,0.0519676,-0.0531212,0.298197,-0.355914,0.119267,0.0454382,-0.352588,0.285438,
-0.68994,0.370713,-0.396568,0.385036,0.166686,-0.674456,0.187983,0.262493,0.374855,
0.355887,0.200007,0.0377,-0.279173,-0.709332,0.440998,-0.0862238,-0.124592,0.213056,
0.285968,-0.469989,0.0482529,-0.232232,0.613725,-0.015053,-0.00435358,-0.330546,0.220269,
-0.266681,-0.0118299,-0.554687,-0.399873,0.421622,-0.0158227,0.0738458,0.360527,-0.383848,
0.301807,0.0292045,0.534492,-0.115379,0.129556,-0.100075,0.237053,0.20489,0.284221,
0.120538,-0.421983,-0.0915075,0.0313402,0.213175,-0.774841,-0.484532,-0.539466,-0.299991,
0.571788,0.436157,-0.0873056,-0.265328,0.273969,0.380448,-0.306499,0.270055,0.140587,
0.0615491,0.212156,0.509922,0.264387,0.473949,0.567813,-0.0993804,0.221385,0.19423,
0.0743612,0.409903,-0.440818,0.222701,-0.0640916,0.224345,0.324772,0.266451,-0.617215,
0.00358723,-0.0857516,-0.421391,0.256755,0.00700975,0.0123785,0.340001,-0.156424,-0.254933,
0.0812038,-0.00562502,0.522076,0.453986,0.392327,-0.350626,0.143852,-0.42043,-0.229483,
0.879299,-0.380912,0.371796,0.0626354,0.444937,0.191384,-0.293384,-0.254783,0.0658825,
0.126383,0.0131354,-0.303977,-0.441419,-0.0401127,0.000171602,0.155197,0.366243,0.414492,
-0.150578,-0.208363,0.420338,-0.608321,-0.12298,-0.0682478,0.122497,0.414173,-0.700687,
0.00158137,0.116237,-0.378134,-0.14085,0.600401,-0.0823669,0.466942,0.251126,-0.589047,
0.356375,-0.33061,-0.158643,-0.00479282,0.214205,-0.373896,0.247189,-0.17565,0.0426217,
0.289414,0.340768,-0.559469,-0.397365,0.029285,0.756514,-0.273771,-0.0438376,-0.364193,
0.491884,0.144062,0.0281065,-0.0856093,0.40197,0.106819,-0.184955,0.342009,0.0334551,
-0.303082,0.121804,-0.104206,0.398322,0.310133,-0.195674,0.301107,-0.168087,-0.343072,
-0.311755,0.301516,-0.381948,0.240004,-0.0791157,0.0780455,-0.451891,-0.385683,0.04348,
0.214291,0.400983,0.390543,0.114744,0.149852,0.611831,0.254699,-0.643094,-0.370499,
-0.410754,-0.317046,-0.672589,-0.0811214,0.0237171,-0.338732,-0.101858,0.0981383,-0.00328945,
-0.0830435,0.381277,-0.260246,0.0480465,0.245858,0.390348,0.157121,0.269908,0.144542,
-0.302596,0.351038,-0.360591,-0.284342,-0.329456,-0.557397,-0.46823,0.509685,-0.39208,
-0.26955,0.416557,-0.121416,0.266259,-0.336912,-0.134681,0.101008,0.185719,-0.0829765,
0.429149,-0.141223,-0.424632,0.019661,-0.0108979,0.410949,0.333048,0.118818,0.250026,
0.00970181,0.00457749,0.596424,0.227102,0.441922,0.0508763,0.426435,0.19678,-0.450034,
0.16757,-0.426972,-0.738507,0.278019,-0.0150869,-0.113318,0.321841,0.613857,-0.249174,
0.115987,0.226021,0.502075,0.00983862,0.385937,0.348846,-0.0607773,-0.460736,-0.19401,
0.454847,0.42416,-0.60208,-0.0958789,0.555714,-0.297436,-0.392996,0.110641,0.406946,
-0.411953,-0.0215515,-0.437426,0.0822267,0.424479,0.186401,-0.22692,0.287821,0.0161072,
-0.422354,0.571636,-0.352571,0.283492,0.304419,0.162229,-0.202475,-0.265552,0.403084,
-0.234094,0.224117,-0.38751,0.300036,-0.199665,0.00678882,-0.384826,0.363899,-0.42458,
-0.224919,0.195056,0.202987,-0.140697,-0.154315,0.581878,0.211444,-0.443505,0.505106,
-0.425495,-0.0772591,-0.0393998,0.134883,-0.2796,0.334311,0.0223813,0.220191,-0.168976,
0.175314,0.234411,-0.535141,0.0902381,-0.037875,0.5383,-0.235494,-0.136408,-0.407478,
0.563419,-0.618747,-0.0289685,-0.349462,-0.113227,0.186903,0.3456,-0.0700923,0.00346445,
0.250283,-0.53313,0.199954,-0.654303,-0.408324,0.0472004,-0.304746,0.165551,0.119832,
0.104008,0.239971,-0.265019,-0.697013,-0.0895548,-0.0907996,0.118574,0.430343,0.269836,
-0.15137,0.229314,0.656997,0.138038,-0.361068,0.0261088,-0.546532,-0.55084,-0.541105,
-0.318024,0.743166,0.09958,0.0868317,-0.187289,-0.278665,0.136971,-0.112865,-0.216862,

-0.347135,-0.0433235,0.401088,-0.699631,0.448934,-0.219101,0.393143,0.406483,0.253117,
0.186638,-0.61324,0.414696,-0.290008,-0.105054,-0.123414,-0.321656,-0.164425,-0.241966,
0.354001,0.0681466,0.441245,-0.485872,-0.399623,0.0870385,-0.0081251,-0.457335,-0.496629,
0.220268,-0.0714052,0.12958,0.424012,0.662793,0.221898,-0.432454,-0.295088,0.343881,
0.0772658,-0.13238,0.493157,-0.472758,0.45111,-0.0355596,0.0615865,0.029398,-0.275198,
-0.248194,-0.596976,-0.374463,-0.32738,-0.0991561,-0.466377,0.121038,0.15935,0.232773,
-0.314759,0.0486528,-0.325703,-0.0669008,0.188272,-0.248382,0.332237,0.396925,-0.350584,
0.129215,0.400852,-0.574616,0.310914,0.307467,-0.53244,0.0480498,-0.0189388,-0.145905,
-0.0523354,-0.562793,0.483366,0.372334,-0.215104,-0.345668,0.317923,-0.34461,-0.0454176,
0.429418,-0.0819561,0.0723941,-0.292137,-0.13692,-0.212512,0.404599,-0.296887,-0.207471,
0.109931,0.0613009,0.561832,0.155665,0.0294853,-0.0891289,-0.00595891,0.331249,-0.408932,
-0.55816,-0.558687,0.251277,-0.313294,0.359608,0.199472,0.0239898,-0.612638,0.23698,
-0.440719,-0.178317,0.307759,-0.388963,0.151529,-0.00935072,0.138982,-0.906794,-0.270946,
0.364272,0.332108,-0.513509,-0.519684,-0.194058,0.553116,0.317644,0.314659,0.0632616,
-0.808886,-0.344937,0.388088,0.269033,0.473641,0.505211,-0.192722,0.285254,0.396863,
-0.374874,0.644994,0.237044,-0.491972,0.436876,-0.236535,0.174927,0.302035,-0.139104,
0.32972,-0.583164,-0.0931112,-0.0588928,-0.320756,-0.234071,0.615968,0.217905,-0.281806,
0.0335835,-0.25965,-0.408771,-0.0197715,0.150311,-0.538557,0.210868,0.0276702,0.254262,
0.428237,0.523716,-0.293078,-0.06782,-0.147436,0.255163,-0.610976,-0.206449,0.0126853,
0.122305,-0.06857,0.455585,0.224088,-0.400375,0.493666,-0.409464,0.440493,-0.115714,
-0.384979,0.0303799,-0.427071,-0.0613998,0.330843,0.000754417,-0.127525,0.267054,0.181795,
0.0558153,-0.226385,0.288047,0.157354,-0.174438,0.379044,0.310923,0.166697,0.105743,
0.0280959,-0.479643,-0.035913,-0.444979,0.0669141,-0.536274,-0.0934211,0.296653,-0.394222,
-0.143154,-0.138773,0.412607,0.165244,-0.18689,-0.320586,0.1572,-0.0564465,0.142236,
-0.00227116,-0.468539,-0.34753,0.267228,0.169903,0.401698,-0.287928,0.0584128,-0.45841,
0.396998,-0.121838,0.455581,0.231114,-0.279487,-0.478663,-0.592027,-0.309373,-0.252662,
-0.390351,0.561006,0.10337,0.0335643,-0.077607,0.694694,-0.509888,-0.0233882,-0.408017,
0.259729,-0.15486,-0.320534,0.0627429,-0.340708,0.0104744,0.224254,0.260886,-0.330504,
0.431395,0.196609,0.261258,0.0901287,0.423871,0.490368,-0.561792,-0.0167706,-0.0497238,
0.497084,0.224687,-0.44036,0.139495,-0.561366,0.0932522,0.164236,0.566324,0.24225,
0.525568,0.313765,-0.454481,-0.300994,-0.461064,-0.439941,-0.127326,0.563961,-0.0730561,
-0.202147,0.402175,0.294688,0.0166756,0.498256,-0.315046,0.248973,0.0220899,0.0233131,
-0.224685,0.154666,-0.317036,-0.117372,0.188244,-0.0661929,-0.293708,0.272923,0.0500619,
0.308109,0.164681,0.238942,-0.421836,-0.4807,0.620896,0.0852109,-0.0388097,-0.167766,
-0.360368,-0.279342,0.0942572,-0.115568,-0.48116,0.344383,-0.00193772,0.3416,0.0533344,
-0.601248,0.464595,-0.43633,-0.307684,-0.0919982,-0.226498,0.221987,-0.259596,-0.244269,
0.158813,-0.491114,0.318916,-0.0340819,0.0332375,0.390301,0.350942,-0.262966,-0.205556,
0.286592,0.0934079,-0.188663,0.291095,0.0963112,-0.0118699,-0.235882,-0.179981,-0.12081,
-0.433195,-0.267641,-0.289511,-0.0162576,0.339133,0.189167,0.388635,-0.460439,-0.381153,
-0.451515,-0.0259937,0.090037,-0.331349,0.0520492,0.308913,-0.341632,0.125668,0.120605,
0.214076,-0.299576,-0.346834,-0.453337,-0.186858,0.422624,-0.57888,0.708901,0.0185849,
-0.182601,-0.274246,0.690686,-0.163456,0.149064,-0.305166,-0.413795,0.268056,0.662101,

0.446095,0.488419,-0.269082,-0.420169,-0.00619924,-0.219326,0.107376,0.24942,0.00595921,
0.115356,0.642135,-0.408051,-0.426587,0.464988,-0.0916511,0.366495,-0.281355,-0.262099,
-0.0998698,0.157412,-0.339969,-0.0300361,-0.0321208,-0.225722,0.233781,0.560047,-0.32856,
0.395905,0.101603,-0.505775,0.433574,0.341774,-0.19194,0.220158,-0.161463,0.251178,
-0.173442,0.372169,-0.318999,0.29648,0.458573,-0.139731,0.439366,0.0893124,0.383496,
-0.220016,-0.235492,0.0391233,0.140184,-0.378971,-0.426344,0.0964187,0.412956,0.392229,
-0.479952,-0.586826,-0.649975,-0.102059,-0.323954,-0.0859106,0.262107,-0.225173,0.346908,
0.409024,0.233865,-0.0439872,0.125524,0.369056,0.572982,0.260686,-0.298446,-0.401778,
-0.35714,0.0332457,0.37393,0.583613,0.535619,0.150084,0.216059,0.282248,-0.37961,
-0.253437,0.134695,-0.296958,-0.187074,0.308794,-0.106275,-0.600873,-0.409458,-0.0162294,
-0.0309172,-0.0134753,-0.10325,-0.353779,-0.00796739,0.455111,-0.0461586,-0.200248,-0.227086,
-0.341625,-0.325863,0.344463,0.463797,-0.477691,-0.134952,0.495643,0.365575,-0.552126,
0.137458,-0.121002,0.0727451,-0.163405,0.463767,0.129483,0.0776893,0.0605894,-0.171536,
-0.291323,-0.278159,-0.434124,-0.0316208,0.363385,-0.252724,-0.320412,0.390887,-0.0906628,
-0.370187,0.187094,-0.423497,-0.143132,0.382261,0.290814,0.134887,-0.426702,-0.465683,
0.0944842,-0.255776,0.0177547,0.528432,0.392497,-0.0653207,-0.274161,0.205249,-0.294652,
0.435275,-0.169743,-0.353338,0.268851,-0.281695,0.311873,-0.334569,0.122186,0.462365,
0.24666,-0.298511,-0.224644,0.472429,-0.460036,0.274936,0.396865,0.106518,-0.343887,
0.108694,0.291876,-0.109302,0.434112,0.39898,-0.262232,0.265328,-0.0500915,-0.379407,
-0.139578,-0.342104,0.535556,-0.465742,0.436015,0.23448,-0.189014,0.245975,0.304482,
0.270964,0.164065,-0.582649,0.409772,-0.0743168,0.160929,0.101659,0.613077,-0.163149,
-0.0280507,-0.064354,-0.216779,0.426646,0.0366969,0.582602,-0.476124,0.0171949,-0.717764,
-0.23788,0.153587,-0.486306,0.228487,0.112367,-0.451769,0.774803,0.277267,0.0923952,
-0.203638,0.312838,-0.128746,-0.154444,-0.426308,-0.209372,-0.37328,0.177004,-0.132837,
-0.034388,-0.0996141,0.0737372,-0.572516,0.499272,0.460641,-0.221765,0.318004,-0.42672,
0.555092,0.0471905,0.110249,0.257248,-0.125042,0.174736,0.36608,-0.421625,-0.569649,
0.272952,0.404984,-0.378327,-0.0810246,0.0259347,-0.381636,-0.0208005,-0.248287,0.192155,
-0.345687,-0.104947,-0.548267,-0.00482097,-0.368003,-0.230451,0.00904683,0.216006,-0.347982,
-0.327972,-0.307103,-0.071332,0.55556,-0.0520943,0.0147464,-0.171552,0.537978,-0.746705,
-0.0735042,0.334866,-0.0535058,0.612058,-0.184965,-0.409428,0.279072,-0.205215,0.208884,
-0.482158,0.168464,-0.235784,0.146849,-0.0619938,0.451491,-0.27201,0.0308954,-0.487972,
0.609259,0.0399767,0.157268,0.355148,-0.0362311,-0.266272,0.122987,0.317742,0.130402,
-0.269911,-0.213096,0.403028,0.448042,-0.400806,-0.153049,-0.168691,-0.626062,-0.0499965,
0.449414,-0.273256,0.344555,-0.050453,0.0638427,0.439621,0.246395,0.176094,-0.233475,
-0.315224,0.156936,-0.0168648,0.108371,0.25382,0.488363,-0.342279,0.123384,-0.407605,
0.0107118,-0.00331232,-0.0770862,-0.540506,-0.285311,-0.0792377,-0.279493,0.582038,0.195002,
0.201138,0.397496,0.0331833,0.284769,-0.110669,0.0753056,-0.00452235,0.396282,0.293637,
-0.462194,0.534622,0.464626,-0.537889,-0.474261,-0.222855,-0.27248,-0.527646,0.384965,
-0.231591,0.0361972,-0.497057,-0.157201,-0.415657,0.224064,0.285065,0.100716,-0.457956,
0.352548,-0.159706,0.237239,0.0143166,-0.118325,0.351926,0.389156,-0.14699,-0.21441,
0.572325,0.10418,-0.257763,0.303652,-0.311352,-0.39868,0.385045,0.448959,0.00825214,
-0.150959,-0.0810123,-0.204115,0.56941,0.120683,-0.0357823,-0.183164,0.193069,-0.0482874,

-0.366053,0.480568,-0.0110487,0.196503,-0.411485,-0.294986,-0.489937,0.0232269,0.374014,
-0.300885,0.0845969,0.0517029,-0.532655,-0.0263754,0.251374,0.246528,0.564501,0.298564,
0.23954,0.61938,0.436026,0.222902,-0.190493,-0.450311,0.0409606,0.0663275,0.326237,
-0.525879,0.0758265,0.094087,0.486144,-0.357773,0.0703524,0.335376,-0.165391,-0.388052,
-0.182279,0.210433,-0.209823,-0.112121,0.159647,0.170411,0.128741,-0.551781,0.382633,
-0.584798,-0.164211,0.0892572,-0.515489,0.222327,-0.140764,-0.0692965,-0.338729,0.0598577,
0.127595,0.250119,-0.0750757,-0.434105,-0.159355,0.416429,0.556495,0.654235,0.395229,
0.0178676,0.16532,0.0255312,0.133551,-0.360177,-0.249597,0.484383,0.234657,0.240098,
-0.122353,-0.222685,-0.278138,-0.31865,0.261149,0.456537,-0.130242,-0.395253,-0.010068,
0.162918,0.266776,0.052523,-0.0552409,-0.151388,-0.36052,0.334592,-0.288047,0.505006,
-0.522404,-0.172982,0.46777,0.256466,0.356806,0.117659,0.138265,-0.38289,0.441428,
0.10873,0.389347,0.42881,0.32938,-0.444088,-0.12647,0.226099,0.483398,-0.284395,
0.444691,0.121123,-0.404091,0.834124,-0.109321,0.0533122,-0.829921,-0.0286744,-0.0765174,
-0.417304,-0.203173,-0.242895,0.33123,-0.568313,0.107988,0.0258314,0.295247,-0.378652,
0.274557,0.309388,-0.0234049,0.268479,0.418561,0.156721,0.128986,0.185221,0.358736,
0.520199,-0.228828,-0.729774,-0.336724,-0.199819,-0.503224,-0.592524,-0.1649,-0.0533612,
0.33778,0.238161,0.197248,0.0313624,0.207691,0.226667,0.434937,0.117971,-0.562258,
-0.0750192,0.442596,0.240423,-0.512586,-0.157503,-0.529879,-0.567417,-0.307245,0.414924,
0.373929,-0.13983,0.18744,-0.430104,0.270776,0.255134,0.120791,-0.0735521,-0.0858275,
0.310759,-0.386895,-0.805732,0.234739,-0.51841,0.39981,-0.0885541,0.152813,0.145752,
-0.211712,-0.285289,0.268003,0.399211,0.463559,-0.268917,-0.198517,-0.381965,0.140375,
-0.293831,0.658653,0.143398,-0.116972,0.372495,-0.102845,-0.404003,0.105897,-0.266865,
0.477444,0.255705,-0.153416,-0.526872,0.065168,-0.255188,0.0720272,-0.0436484,-0.431151,
0.00969246,0.0588262,-0.503866,-0.0718502,-0.0355507,-0.44241,0.342685,-0.0492099,0.0420961,
0.304988,0.314949,-0.375364,0.217291,-0.360371,-0.20748,0.290725,-0.533925,0.435989,
-0.175863,-0.0116596,0.0129797,0.435453,0.371246,-0.207031,0.380639,0.0487149,-0.107457,
-0.302128,-0.282851,0.282252,0.441297,-0.165299,0.25667,-0.0419737,0.396904,0.183463,
0.0138734,-0.42981,0.395098,-0.202418,-0.210463,-0.236168,0.298669,0.400862,-0.0325676,
-0.080465,-0.190667,-0.00790958,0.572782,-0.356278,0.20961,-0.176549,0.0427809,0.0471849,
0.42026,-0.349731,0.38468,-0.26422,0.444909,0.00707507,0.277546,-0.334187,0.334297,
0.261442,-0.26119,-0.459428,-0.422469,0.737649,0.186327,-0.137375,0.308084,0.0796697,
0.039186,0.155673,0.402516,-0.477478,0.297413,-0.107278,-0.445115,-0.363822,0.372523,
-0.595064,0.348685,0.330006,-0.168988,0.291746,0.242817,0.254929,-0.274038,-0.0268991,
0.159326,0.408421,0.186882,-0.0267242,0.0459251,-0.295753,0.0550131,0.225758,-0.550102,
-0.45569,-0.35266,0.567076,-0.234379,0.00697176,-0.189656,-0.384841,-0.202369,-0.334559,
-0.415641,0.0730312,-0.452783,-0.426704,-0.423099,0.217404,0.212081,0.0423029,-0.426866,
0.0170803,-0.067401,0.0065515,-0.410008,0.250575,-0.0165148,-0.0684478,0.108005,0.471441,
-0.235017,-0.455855,0.218255,0.463394,-0.110673,0.167446,-0.122494,-0.432556,-0.492272,
0.102038,-0.0667477,-0.11019,-0.161447,-0.221989,-0.653324,0.0099663,0.0790524,-0.0895417,
0.578028,-0.254686,-0.471738,-0.0930736,-0.289825,0.0461857,-0.380268,0.483789,0.445091,
-0.0299986,0.306081,-0.652971,-0.393583,-0.111385,-0.0409235,-0.260389,0.45205,-0.330959,
0.323097,0.476639,-0.0610714,0.222859,-0.369281,-0.158557,0.0142324,0.192714,-0.216308,

-0.421553,0.0339833,0.50093,-0.0241298,-0.163077,0.0453478,-0.449861,-0.0193387,-0.44893,
-0.137383,-0.212441,-0.136965,0.380138,-0.244351,0.00202335,0.364915,-0.142925,-0.100574,
0.0200078,-0.195553,-0.270782,0.510104,-0.25101,0.038499,-0.170766,0.275483,-0.306552,
0.54194,0.166189,-0.395196,-0.0599652,-0.307515,0.533349,-0.168736,0.390478,-0.648105,
-0.224162,0.283156,-0.10725,0.072268,-0.117979,-0.293581,-0.0349983,0.173751,-0.0654369,
-0.275986,0.234786,0.2498,-0.10602,0.224452,0.519405,-0.439503,0.0448546,-0.391934,
0.185165,-0.375613,0.140567,-0.216534,-0.289865,0.775587,0.308405,0.0498366,-0.177031,
-0.358454,-0.0797959,-0.265584,-0.661435,-0.556483,-0.00756122,0.0946151,-0.162309,0.475394,
-0.175197,-0.0425275,0.274257,-0.0620189,-0.363665,-0.208962,0.3031,0.560557,-0.595587,
0.0225638,0.335218,-0.368193,-0.765444,0.233978,-0.0433774,-0.0294775,0.435233,0.248087,
0.302423,0.158572,0.227209,0.279272,-0.349382,-0.0421019,-0.264601,-0.224732,-0.0217156,
-0.442097,-0.459009,-0.147632,-0.013587,-0.031398,0.243529,0.0148499,0.332125,0.0230971,
0.205294,0.574438,0.115013,-0.278992,0.0352005,0.00180639,-0.213003,0.148234,-0.577073,
0.235469,0.148176,-0.561211,0.300967,-0.473842,-0.352298,0.00659672,-0.0678413,-0.403448,
-0.215723,-0.420617,-0.102022,-0.616028,0.0784877,-0.172543,0.142394,-0.0604136,-0.0208222,
-0.416779,0.464125,-0.127309,0.0255002,-0.0871249,0.472794,0.00289595,-0.360079,-0.457413,
0.233807,-0.0485768,0.648021,-0.124716,-0.411211,-0.231252,-0.0344813,-0.36368,-0.702156,
0.124839,0.00918219,0.144562,0.0573574,0.624542,-0.734728,0.382725,0.535642,-0.370328,
-0.269699,0.0275935,-0.46335,-0.221592,0.0458922,-0.262291,0.105712,-0.341514,0.482184,
-0.157627,-0.565456,0.380852,0.181579,0.548562,0.188434,-0.281925,0.00446016,0.279524,
0.346198,-0.445744,0.424623,-0.062163,-0.0413281,-0.340643,0.163986,-0.630103,0.304452,
0.132502,-0.393207,0.216552,0.563811,-0.230935,0.45957,-0.0977132,0.345488,0.126494,
0.346785,-0.214938,0.490328,-0.392787,0.14696,-0.0275998,0.204561,-0.105353,0.204824,
0.0863009,0.0248858,-0.130854,-0.141149,0.400106,-0.0040555,-0.250046,0.313185,0.0140462,
0.591221,-0.291599,-0.164191,0.100196,0.500776,0.110847,-0.40088,0.150903,-0.650567,
-0.0562369,0.548238,-0.247666,0.456123,-0.308416,0.0403531,0.0567888,-0.0517808,0.332774,
-0.094857,-0.32912,0.056216,-0.0204796,-0.0584814,0.192285,0.394747,0.40137,0.169163,
0.147993,0.489955,-0.323868,-0.109249,-0.50589,-0.164987,-0.289564,-0.20186,-0.332656,
-0.305753,0.371487,-0.0597981,-0.291655,-0.239925,-0.0777856,-0.150825,0.308268,-0.49416,
0.227649,-0.107726,-0.22477,0.175101,-0.409108,-0.216554,-0.238056,-0.171464,-0.203361,
0.321013,0.403372,0.0395447,0.240532,-0.454899,-0.297618,0.0235132,-0.272023,0.0136593,
0.170833,0.216276,-0.367604,-0.0908241,0.306356,0.19591,0.114407,0.611726,-0.101919,
0.153377,0.335128,0.0493222,-0.348306,0.345237,0.322389,0.252988,0.521621,-0.207778,
-0.183043,-0.180258,-0.126079,0.164659,-0.305394,-0.0122935,0.137032,-0.339947,0.0149635,
-0.285981,-0.040931,-0.0394116,0.10134,-0.122507,-0.0989885,-0.153205,0.380088,0.0714453,
-0.130779,-0.228755,-0.278681,-0.290677,0.413055,0.237056,-0.315762,-0.0684154,-0.17139,
0.53029,-0.150385,0.338156,-0.334619,-0.281953,-0.0574442,-0.62273,0.118406,-0.538651,
-0.0471772,-0.0215402,-0.472656,0.0118257,-0.033812,0.299586,0.109945,0.0945851,-0.0962913,
0.318117,0.744412,0.33584,-0.479711,0.610729,-0.299924,-0.0869541,0.254233,0.425469,
0.198845,0.13494,0.335753,0.505675,-0.431541,0.573139,0.548441,-0.142699,0.368325,
-0.409359,0.170547,0.575482,0.124503,0.40287,0.456167,0.380931,0.0222419,0.400816,
0.00533874,0.462414,0.227513,-0.280114,0.260007,0.000108335,0.432341,-0.439483,0.333045,

0.178779,-0.220009,-0.324624,0.269773,-0.407685,-0.662043,0.243887,-0.426706,-0.11276,
-0.122756,-0.210676,-0.59071,0.0503785,0.485995,-0.382126,0.271939,-0.41397,-0.0910646,
-0.358899,-0.316496,0.426462,-0.131517,0.237679,-0.423745,-0.14518,-0.187234,0.172555,
0.128791,0.609802,0.229455,0.507614,0.167565,-0.549975,-0.566421,-0.322564,0.172919,
0.0396305,-0.205521,-0.510475,0.367855,-0.107591,-0.28845,0.289635,-0.277786,-0.0479291,
0.303936,0.0322542,0.493474,0.0372758,0.000337481,0.238756,-0.370624,0.469102,0.247412,
-0.323924,0.355015,-0.165644,0.221732,0.334022,-0.0396758,0.339119,-0.431177,-0.186642,
-0.381789,-0.315322,0.0210775,-0.372972,-0.575679,0.0706658,-0.0597608,-0.00887513,-0.0705156,
-0.372407,-0.114987,0.204138,0.0227216,0.0718404,-0.42932,-0.3558,-0.179648,-0.406273,
0.139295,-0.206336,-0.452744,0.271879,-0.327563,0.232601,-0.3905,-0.294626,-0.268247,
0.487644,0.0298204,0.609363,-0.00328217,0.44268,0.0389647,-0.285128,-0.236134,-0.250172,
-0.0226939,-0.123361,0.280927,-0.0340258,0.65387,-0.119287,-0.21123,0.439552,-0.216187,
0.026692,-0.205446,0.456204,-0.179407,0.0532736,0.0537304,0.187846,-0.315474,0.074925,
0.27326,-0.639086,-0.0200616,-0.099304,0.0793076,-0.384709,0.0185175,-0.158451,-0.2166,
0.118318,0.359503,-0.0813384,0.0413982,-0.517266,-0.630602,-0.321313,0.175886,-0.345376,
0.114976,0.156038,0.0555108,-0.0867996,0.36406,0.0985282,-0.289904,-0.477697,0.00225187,
-0.109836,-0.191213,-0.491923,-0.534397,0.262206,0.100507,0.00531369,0.157929,-0.201694,
0.0230967,0.12666,0.150438,0.404107,0.380533,-0.034539,0.104005,0.192015,-0.307205,
-0.412194,0.350369,-0.143942,0.154212,-0.560461,0.378306,0.0496257,0.31895,-0.27804,
0.542864,0.284579,0.489461,0.247491,0.0703737,0.425557,-0.457293,0.574294,-0.0142654,
-0.048901,0.425357,-0.20519,0.185054,0.276072,-0.326786,0.160874,0.290001,-0.0130345,
-0.000917077,-0.392302,0.38034,0.466062,-0.375006,-0.292727,-0.576858,-0.284246,-0.373917,
0.000338285,0.0431413,0.168289,0.140705,-0.155821,0.112235,0.092615,0.430872,0.188023,
-0.343333,-0.281328,-0.395133,-0.599439,-0.117493,0.0512465,-0.446801,-0.205704,0.122579,
0.182484,0.224568,-0.29378,-0.794236,-0.0966401,-0.33251,0.19039,-0.237786,-0.0803111,
-0.199521,0.0946136,0.0642437,-0.347496,-0.177866,-0.00237484,0.226104,-0.21003,0.385567,
0.371067,-0.226937,-0.0525979,-0.410846,-0.188691,-0.0380384,-0.0166402,-0.172122,-0.463181,
-0.230297,0.48119,0.0982051,0.434164,0.297291,-0.336529,0.137825,-0.081006,0.521361,
-0.0679913,0.0360823,-0.3926,0.398233,-0.0949345,0.478835,-0.0967959,-0.591675,0.220559,
0.298143,0.301113,-0.28142,0.1836,0.54294,0.754857,0.52687,0.672917,-0.262175,
0.205396,-0.121038,-0.212416,0.57721,-0.109846,0.246219,-0.249632,-0.365644,0.392058,
-0.310293,0.0645405,-0.269528,-0.153072,0.384474,-0.434412,0.215072,-0.140433,-0.376106,
-0.396262,-0.246647,0.360944,-0.32467,0.305591,0.373505,-0.424798,-0.432133,0.0216895,
-0.0264792,-0.0348553,0.689908,-0.305708,0.481852,0.364672,-0.208462,-0.311012,0.457849,
0.607975,0.519531,0.49463,0.126825,0.310268,0.315179,-0.367027,-0.22388,-0.445421,
-0.0232282,0.102004,-0.0963816,-0.424423,0.143094,0.618316,-0.236589,0.490806,-0.117115,
0.391886,0.461116,-0.130147,-0.25381,0.161899,-0.542397,-0.159011,0.0349915,-0.117244,
0.352349,-0.268379,0.269562,-0.491428,-0.10546,-0.0422394,-0.816075,-0.329882,-0.258816,
0.424144,-0.340306,-0.790159,0.31034,-0.564939,-0.49523,0.363491,0.366931,0.404154,
0.57326,-0.225972,-0.0376312,-0.305648,0.315219,0.162168,0.191498,-0.459492,0.224315,
0.10676,-0.00302473,-0.270038,0.191206,0.00628732,0.266724,0.222962,0.0415304,0.272042,
-0.205846,0.16794,0.527983,-0.457835,0.195938,0.535716,-0.356452,-0.171418,-0.168961,

-0.0132193,-0.608035,-0.0883657,0.0668192,-0.346096,0.332908,0.138658,-0.328285,-0.30001,
-0.65228,-0.210131,-0.200735,0.0751075,-0.0435415,0.44974,-0.383049,0.30842,-0.025174,
-0.434992,0.00374001,-0.28273,0.341416,-0.46212,0.354176,0.397739,-0.169318,0.343009,
0.126427,0.405281,-0.117973,-0.228298,0.0728558,0.221394,-0.100686,0.610407,0.0538523,
-0.495262,0.00940332,-0.15731,-0.294157,0.186976,-0.233921,-0.237305,-0.438478,0.244673,
0.283058,-0.43408,-0.0123935,0.143968,0.50861,0.250601,-0.082109,-0.334412,0.695265,
-0.0918419,-0.0470039,-0.244014,0.506344,0.298167,-0.00323823,0.58968,0.341124,-0.195013,
0.411045,-0.388499,0.0828023,0.359001,-0.60854,0.503335,0.491531,-0.267356,-0.0701482,
-0.434829,-0.521109,0.0562488,0.0913486,-0.169604,-0.0507846,-0.450612,-0.368121,-0.281897,
-0.362508,-0.181386,-0.122538,0.0995869,0.0433026,-0.161612,-0.102325,-0.246885,-0.557214,
0.536542,-0.0251585,-0.483219,0.205231,-0.0932733,0.418156,0.202507,0.111862,-0.566694,
0.108984,0.0119411,0.343357,0.2444,0.439507,0.475207,-0.315598,-0.247225,0.215333,
-0.496103,-0.424533,-0.134083,-0.113705,-0.182077,0.267383,-0.0524824,0.200639,0.0799851,
-0.35365,0.131252,-0.29744,-0.280062,-0.174668,0.512378,0.179734,0.0227056,-0.124978,
0.564712,-0.259688,0.205821,0.0281803,0.48162,-0.25079,0.678202,-0.492794,-0.319775,
-0.0761792,0.107104,-0.192119,-0.00241468,-0.49043,-0.207585,-0.173104,0.170381,0.108162,
0.0024093,0.0246625,-0.249172,0.110394,-0.0894243,-0.283389,-0.199476,-0.216044,0.344797,
-0.411571,-0.176865,0.175919,0.473885,-0.405441,0.213151,0.0335296,-0.449796,0.181979,
-0.0123652,0.118723,0.0227387,0.274214,-0.102064,0.577012,-0.352952,0.0975978,0.480143,
0.110297,-0.279718,0.329508,0.0570019,0.0929522,0.472184,-0.0549277,-0.328874,-0.460186,
0.0228443,0.200189,0.0308699,0.0940926,0.286381,-0.302622,0.0715456,-0.494359,-0.353787,
-0.376253,0.24479,-0.279452,-0.471639,0.000497814,-0.0463305,0.183644,0.192369,-0.290884,
0.989963,0.266471,0.483823,-0.215021,0.419012,-0.0902557,-0.2473,0.530473,-0.290141,
-0.113643,0.29838,-0.294645,0.426136,0.399315,-0.227536,0.00205218,0.082682,0.152708,
-0.0483058,0.278033,-0.517811,0.0134994,0.26765,-0.0194029,-0.247242,0.275333,0.0901521,
0.130266,-0.457695,-0.414729,-0.303462,0.205524,-0.300225,-0.50663,0.272752,0.491362,
0.0706031,0.348352,0.00514803,0.128466,0.267332,-0.0799486,0.416429,0.469404,-0.266739,
-0.0608033,-0.33887,0.0286751,-0.288024,-0.393652,0.019922,-0.0678917,-0.3143,-0.397069,
0.502152,0.257575,0.582064,-0.0895727,-0.206306,-0.361943,-0.253861,0.401673,-0.199115,
0.297418,-0.435197,-0.252012,0.246966,-0.0484802,-0.258257,0.0184525,-0.229568,-0.346335,
0.353484,-0.000570238,0.243329,-0.0627602,-0.246976,-0.0841473,-0.294974,0.211005,-0.383939,
-0.216456,0.0950527,0.504963,-0.451002,0.335692,-0.657908,-0.589649,0.0211741,0.23788,
0.111997,0.352409,0.482697,0.306025,-0.812575,-0.15624,-0.312976,-0.412535,-0.0521322,
0.150033,-0.481602,-0.346211,0.085715,0.102579,0.405089,0.0131702,-0.332083,0.52626,
-0.576892,-0.462994,0.321075,-0.116659,0.324021,0.250313,0.39479,0.254318,0.38144,
-0.118993,-0.346071,0.0745198,-0.0347349,-0.131574,-0.0766176,-0.287364,-0.19658,-0.603223,
-0.0290871,-0.116697,-0.193716,0.045126,-0.491163,-0.460586,0.434423,-0.0890615,-0.325033,
0.323134,-0.130886,-0.111559,-0.0541983,-0.322809,0.39801,0.199661,0.0496473,0.257881,
0.471515,0.425394,0.439982,-0.0877055,0.456769,0.0994471,0.202889,-0.156543,-0.267702,
-0.0133584,-0.00249154,-0.180953,-0.33117,-0.245914,0.435884,0.338887,0.230226,0.207621,
-0.440409,-0.429077,-0.453351,0.346857,-0.0710369,0.0938397,-0.228577,0.0174046,0.389654,
0.242533,0.301062,-0.582687,-0.298925,0.4446,-0.386993,-0.0785197,-0.284308,-0.249367,

-0.0746232,0.207442,0.29291,0.162385,-0.422312,-0.113638,0.210274,0.148015,0.190498,
-0.307035,0.630345,0.381961,-0.138691,-0.133084,-0.462927,0.206737,-0.553305,-0.258467,
0.446546,0.444574,0.243477,-0.173476,-0.232556,0.072973,0.318703,-0.364227,-0.373864,
-0.134473,-0.322444,0.146481,0.306703,0.0779964,0.15465,-0.194625,0.287395,0.422138,
-0.441022,0.295069,-0.284978,0.219884,0.158708,0.472936,-0.0414833,-0.248184,0.462296,
0.443115,0.500143,-0.120257,-0.388223,-0.173929,-0.188291,0.403907,0.277534,-0.106179,
0.20221,-0.121562,-0.425262,-0.161442,0.603961,0.112988,-0.392508,0.433085,0.660896,
-0.359962,0.281737,0.0494499,-0.27181,0.116623,-0.32672,0.331459,0.268542,-0.453075,
0.0747912,0.13973,0.202996,-0.0252132,-0.0422546,-0.558789,-0.302778,-0.389398,-0.370175,
-0.609602,-0.43811,-0.599459,-0.33761,0.0222118,-0.146954,0.17085,0.0167666,-0.264433,
0.0527845,-0.393071,-0.245164,-0.0455866,0.301864,0.216503,-0.396075,0.0197417,-0.319278,
0.22619,-0.176869,-0.454686,0.0500581,0.42014,-0.110709,0.239088,-0.31397,0.0790742,
-0.32686,0.0457165,-0.106302,0.275854,-0.268767,-0.271971,-0.403489,0.497664,0.444649,
0.0212306,0.0845824,0.104004,0.130868,0.546887,0.493143,0.392065,-0.630319,0.129854,
0.258138,0.752631,-0.460481,-0.143908,0.232092,-0.176838,0.180506,0.114321,-0.409189,
-0.123748,0.687668,0.2093,-0.0465766,0.159414,-0.340551,-0.114233,0.34049,0.284366,
0.516647,0.0591196,-0.256555,-0.137257,0.0473135,-0.147504,0.19857,0.00521023,-0.331608,
0.0317472,-0.521786,-0.158068,0.204669,-0.303009,0.380559,-0.398623,-0.374683,-0.172175,
0.562626,-0.496285,-0.349251,0.302497,0.195939,-0.239158,-0.787092,-0.0695955,0.00314276,
-0.201164,0.357898,0.172605,0.0146458,0.0253487,0.0420846,0.372654,0.339403,-0.4035,
-0.294346,-0.453377,0.239204,-0.169523,-0.111864,0.0475529,0.557662,-0.582387,0.478823,
-0.148746,-0.486945,0.28308,0.0145716,-0.0426152,0.321168,0.140593,-0.363806,-0.43334,
0.454148,-0.30124,-0.365479,-0.153576,-0.0867011,-0.133246,0.0506645,-0.307298,0.309801,
-0.763847,-0.350245,-0.29949,-0.240453,-0.496728,-0.144831,0.104217,-0.340829,-0.479345,
-0.22648,-0.181222,-0.264958,0.0578359,0.339856,-0.0322119,0.266472,-0.100675,0.47301,
-0.239361,0.102856,-0.0706094,0.314409,0.390427,0.315692,-0.299628,-0.0367552,-0.573779,
-0.230821,0.349259,-0.374827,0.228487,0.466057,0.148366,0.476953,0.540163,-0.376756,
-0.286647,-0.494562,-0.0685523,0.299804,0.180059,-0.438647,0.196215,0.00326051,-0.092085,
-0.375263,-0.372048,-0.478022,0.143679,0.215744,-0.348278,-0.572134,-0.0789272,0.102272,
-0.423405,-0.255186,-0.122129,0.251268,0.256121,-0.50568,0.41352,0.476322,0.0672809,
-0.0328363,0.258403,-0.248203,-0.460749,-0.172849,-0.0160691,-0.00921315,-0.212228,-0.0106829,
-0.10539,0.0903365,0.367696,0.200738,0.0692071,-0.0611945,0.626118,-0.185727,0.365941,
-0.277914,0.00520641,0.0196427,-0.00135925,-0.476006,-0.0607573,0.257708,0.21291,-0.353223,
-0.175279,0.337265,0.390205,0.690726,0.395422,-0.568875,0.312172,0.132245,0.126812,
-0.351018,-0.209324,-0.51675,-0.197442,0.141464,-0.0891889,-0.327753,-0.252787,-0.356232,
-0.227315,0.452456,0.157115,0.28406,0.449652,0.0173122,0.080402,-0.461871,0.893925,
-0.00585626,-0.434509,-0.391994,-0.367348,0.368111,-0.136634,-0.392408,-0.376146,0.46162,
-0.347378,0.34773,-0.295318,0.180469,0.707501,-0.0441631,0.0777456,0.352321,0.339999,
0.0831776,0.197902,0.0156443,0.0502269,-0.332892,-0.688883,-0.241319,-0.0385923,-0.045199,
-0.150793,0.136046,-0.287933,0.41994,0.407066,-0.102271,0.0926488,0.0651691,-0.279486,
0.215359,-0.0110963,0.107049,-0.513883,-0.370642,-0.0906912,0.133666,0.210664,-0.246234,
0.311644,-0.0568248,-0.332055,-0.159748,-0.0835029,-0.0444381,0.762402,-0.482406,-0.0525635,

0.268303,0.282404,
-0.324364,-0.350754,
-0.304249,0.448366,
-0.33728,-0.47944,
0.255361,-0.108449,
0.62804,-0.400321,
0.474595,-0.402724,
0.221246,-0.269924,
-0.490423,0.482711,

0.603977,0.53249,
0.448272,-0.438903,
0.112081,0.0964647,
-0.595248,0.0255563,
-0.43731,-0.175282,
-0.182202,-0.094496,
0.236223,-0.219597,
0.00793553,0.363717,
0.638805,-0.0501657,

-0.0140625,-0.402509,
0.0987048,0.239512,
-0.164472,0.530197,
0.0196429,0.0561573,
-0.129944,-0.20003,
-0.526111,0.387657,
0.391081,0.246396,
-0.144058,0.0844764,
-0.0381839,0.491733,

-0.36399,-0.32095,
-0.199784,-0.492506,
-0.416177,0.0290747,
0.930198,0.350597,
-0.397349,-0.159805,
-0.458612,-0.185668,
-0.233584,0.53825,
0.183503,-0.33752,
0.164279,0.51011,

0.00560789,0.358075,
-0.294917,0.011986,
-0.346675,-0.107389,
0.626772,0.497182,
-0.511614,-0.380716,
0.236736,0.325228,
-0.457038,-0.0647089,
0.272167,0.272842,
0.103057,0.474783,

-0.170581,-0.624546,
0.256372,-0.219093,
0.0982139,0.486899,
0.322345,0.410864,
0.0913452,-0.373321,
0.0384831,-0.370871,
-0.429083,0.305702,
0.306874,-0.259758,
-0.386163,0.184243,

-0.489699,-0.595267,
0.302778,-0.17022,
-0.171668,-0.544247,
-0.469254,0.584078,
0.532339,0.0605118,
-0.58906,-0.394708,
-0.355061,0.601652,
-0.0214484,0.175632,
-0.0347992,-0.0985932,

-0.0858186,0.630808,
-0.333058,-0.355321,
0.1134,-0.263673,
0.343223,-0.485891,
0.237873,-0.481823,
0.255193,0.172989,
-0.267136,0.290344,
-0.118906,0.347266,
0.357608,-0.288098,

0.353659,-0.409637,
-0.315919,0.312796,
-0.401374,0.181979,
-0.249359,0.47407,
-0.528898,-0.382535,
0.0783045,-0.323086,
-0.178819,0.249343,
-0.445607,0.607353,
0.238972,0.291061,

0.363562,
0.100362,
0.0250844,
0.0195553,
0.107369,
-0.197039,
-0.209875,
0.18302,
0.708878,

-0.468031,
0.0404515,
0.101389,
-0.156373,
0.458677,
-0.271678,
0.442477,
0.000909276,
-0.344551,

