6 7 3 3 3 3 1 2 

0.149537,-0.211308,0.147321,0.268365,-0.284765,-0.10568,-0.0861313,0.0871781,-0.124206,

-0.317909,-0.304817,0.0653787,0.215457,-0.408942,-0.475925,-0.482003,-0.115602,0.208203,

0.399555,-0.213144,-0.0739167,-0.183639,-0.456581,0.153794,0.104038,0.345448,-0.387899,

-0.311533,-0.13172,0.143555,-0.0895188,0.146968,-0.331227,-0.00333921,-0.464416,-0.526733,

-0.175904,0.256892,-0.0116134,0.468262,0.298087,0.288841,0.243206,0.0433539,0.0499624,

-0.0463927,-0.191002,0.316429,-0.083362,-0.0530527,-0.0828763,-0.154705,-0.381747,0.0150421,

-0.191389,0.408659,-0.379011,-0.0226035,-0.287506,-0.47583,-0.0545232,-0.210745,-0.112936,

-0.000730317,0.0845184,-0.105343,0.166376,0.273586,-0.372326,0.143553,-0.299031,0.258426,

0.402827,0.0326068,0.168706,-0.647619,-0.0476907,0.2747,-0.0565153,0.0836314,0.0325159,

-0.233845,-0.0209469,0.424901,0.0310277,0.36574,-0.22181,-0.164491,-0.489133,0.0923378,

0.566425,0.588718,-0.176528,0.137432,0.40464,0.166767,0.43299,-0.364033,-0.405195,

-0.27927,-0.451898,-0.193732,-0.215537,0.379971,-0.46468,0.174408,0.0339798,-0.403443,

0.420034,0.379191,-0.526835,0.0865668,0.160788,0.263097,-0.149154,-0.0750548,0.232147,

-0.000728965,0.18611,-0.377981,0.138862,-0.18964,-0.439568,-0.11541,-0.461671,-0.275906,

0.108966,0.203518,-0.453357,-0.313102,-0.0254439,-0.120583,-0.297827,-0.0229268,-0.478534,

-0.171698,-0.159842,-0.429156,-0.098002,-0.44696,0.113196,-0.359137,0.493093,-0.14211,

-0.0173216,0.34721,0.164233,0.169174,-0.155052,0.111412,-0.0433639,-0.106057,0.365741,

0.107879,0.143535,0.362097,0.49867,-0.374827,-0.314476,-0.327965,-0.206032,0.380708,

-0.187078,-0.0963736,0.20155,-0.471939,-0.186205,-0.201261,0.121506,-0.0189162,-0.116565,

0.610256,-0.187547,-0.550712,-0.239193,-0.317544,-0.005096,-0.202427,-0.500876,0.229521,

0.244664,0.195141,-0.0625486,0.265343,0.215516,-0.204035,0.278325,0.142257,0.074537,

-0.314649,0.223736,0.362283,-0.140436,0.354627,0.349499,-0.0429614,0.11513,-0.00339851,

0.00425774,-0.256671,0.0525534,-0.171595,0.185249,0.419475,-0.385284,-0.212584,-0.452353,

-0.213391,-0.493989,-0.0645709,-0.293899,-0.0746861,0.110459,0.350586,-0.0780543,0.461567,

0.00370735,-0.0563239,0.0819026,-0.217457,-0.0618833,-0.389772,0.244825,0.630567,-0.487487,

0.079037,0.140124,-0.0440301,-0.346187,0.335181,0.307168,0.0393682,0.063521,0.392442,

0.159942,0.464639,0.113798,-0.0663535,0.155243,0.17195,-0.256457,0.189732,-0.362599,

0.0580535,-0.465943,-0.214531,0.365596,0.0493809,0.17498,-0.209966,0.139569,0.105697,

-0.157351,0.106839,0.361664,-0.209117,0.233145,-0.0805418,0.191515,0.409371,-0.481473,

-0.183999,0.257582,-0.520234,-0.0614223,-0.30415,-0.0711249,-0.129915,0.288685,-0.213224,

0.026503,0.310941,0.19669,-0.135806,0.128329,0.264021,0.0154898,0.0321381,-0.0923484,

0.335706,-0.321264,-0.44596,-0.344045,0.42488,-0.287144,-0.57024,-0.0594244,0.167141,

0.33377,0.24442,0.0381461,-0.10335,0.581828,-0.219515,-0.532868,0.0707129,0.17522,

-0.319341,0.486539,-0.362755,0.429934,-0.0227229,0.306044,0.265661,-0.425742,0.180427,

0.16916,0.501906,-0.601928,0.533397,0.486697,0.26586,0.26427,0.228251,0.0161307,

-0.305379,0.143665,0.317675,0.369592,0.150442,-0.356335,-0.293755,0.317886,0.0707896,

0.447148,-0.250667,-0.387365,-0.225769,-0.515777,-0.0571912,0.0593014,-0.266742,0.235239,

-0.505676,0.350168,0.124109,0.105584,0.152727,-0.380398,-0.274734,0.34595,0.149819,

0.0472969,-0.25407,0.0987681,-0.398975,-0.110078,-0.254215,-0.494508,0.369734,-0.604398,

0.522086,0.499325,0.381131,0.44617,-0.016954,-0.132358,-0.31632,-0.0585944,-0.164988,

-0.424827,0.402301,-0.448764,0.544949,0.0235162,0.172892,-0.121107,-0.256546,0.311552,

-0.31466,0.4493,0.0374544,-0.252731,-0.0184316,0.361407,0.331806,-0.310119,-0.335958,

0.100033,0.478797,-0.0402755,0.350023,-0.276276,0.375772,-0.116885,0.280909,0.182098,
-0.379388,-0.218741,0.396173,0.427277,-0.156833,0.198077,0.129549,-0.367241,0.521707,
0.193116,0.453256,-0.410999,-0.218502,0.399117,-0.351802,0.100264,0.14457,0.482921,
0.0858212,-0.336185,-0.145485,-0.464144,0.241345,0.257042,-0.405397,0.408679,-0.454005,
0.432644,0.567925,-0.458607,0.148974,0.333351,-0.358935,-0.365468,0.0950725,-0.48309,
0.352142,0.196621,-0.249905,0.179271,-0.199688,-0.0944266,-0.440232,-0.333718,-0.41493,
0.0427427,0.0616475,0.366939,-0.014584,0.116801,0.462148,-0.229717,0.514569,0.420426,
0.608646,0.363486,0.537586,-0.361177,0.468783,-0.108943,0.306501,0.207572,-0.307037,
0.275373,0.2795,0.0805932,-0.47871,-0.0277476,-0.348051,0.13159,-0.22276,0.385824,
-0.109151,-0.325253,0.223995,0.364116,-0.0204083,-0.225737,-0.339149,0.0739729,0.702762,
-0.375196,0.175051,-0.335114,-0.216377,-0.522747,0.189253,0.296631,0.0760061,0.143832,
0.518201,-0.361286,-0.343502,0.433252,-0.639489,0.666653,0.353815,-0.0985924,-0.433664,
0.366937,-0.261932,0.30617,0.433769,-0.0763362,-0.501144,-0.250316,-0.0741057,0.200243,
-0.246793,-0.236797,0.285817,-0.72977,-0.16597,-0.384636,-0.20774,0.214636,0.227078,
-0.48291,0.417442,-0.0388842,0.0717742,-0.29788,0.21393,-0.194277,-0.416049,-0.0137723,
0.104634,-0.191655,0.424134,0.243313,0.42872,0.22605,-0.14985,-0.337575,0.359866,
-0.171367,-0.2046,-0.168427,0.292915,0.358383,0.30385,0.221128,0.278414,0.0631803,
-0.492579,0.0583118,-0.462088,-0.249089,0.571773,0.472571,-0.581479,-0.241777,0.164822,
0.424451,-0.180279,-0.153145,-0.250757,0.160775,-0.24587,-0.511397,0.390744,-0.382346,
0.246252,-0.211161,-0.306077,-0.0786823,0.365668,0.306329,0.359,0.485177,0.061647,
-0.0923364,-0.0704733,-0.296707,0.168031,0.497108,0.0782076,-0.32877,0.402418,-0.0345557,
-0.257376,-0.402193,0.125166,0.322888,-0.0030005,-0.393124,-0.0132578,0.149611,0.427807,
0.344631,0.194843,-0.200825,-0.543279,-0.220209,-0.280159,-0.281944,0.396226,-0.342085,
0.417167,0.782795,0.460405,0.40788,0.128847,-0.522887,-0.381509,0.10933,-0.380573,
-0.415383,-0.0471861,-0.07038,0.00864697,0.491066,-0.353122,-0.445257,0.201781,0.144288,
-0.206074,0.479014,-0.448856,0.23296,0.0910949,-0.252294,-0.00220737,-0.225742,-0.256397,
-0.495097,-0.0276204,-0.327269,0.176866,-0.616,0.409291,0.297287,0.578386,-0.300173,
-0.397382,0.259974,0.069696,0.218096,0.48895,-0.506558,0.429026,0.489337,-0.293512,
-0.0634359,-0.140487,0.260343,-0.0699409,0.260753,0.600872,0.397171,0.280612,0.227169,
-0.0543859,-0.132304,0.0787967,0.159383,0.343013,-0.15061,-0.257831,-0.474855,-0.551974,
0.0144556,0.444035,-0.460026,-0.186935,0.160209,-0.122263,0.428849,0.361236,-0.411083,
0.485983,-0.155392,0.229956,-0.219339,0.611711,0.36878,-0.419715,0.302124,-0.243292,
-0.0116227,0.470549,-0.116454,-0.0844252,0.0265324,0.224834,0.407098,0.249934,-0.303415,
-0.363687,-0.482308,-0.210412,0.447974,-0.0866213,0.436692,0.116711,0.496787,0.364383,
0.157564,-0.133935,0.193212,0.266074,-0.20537,-0.394662,0.122367,-0.0157674,0.148929,
-0.221639,0.0985568,-0.290681,0.00881678,0.131522,0.219706,-0.478563,-0.371244,0.509488,
0.594866,-0.282734,0.121584,0.197336,0.115783,0.384563,-0.128975,0.495153,-0.215533,
0.480582,0.192675,0.060528,0.163341,0.180295,0.42812,-0.112725,0.227321,0.350916,
0.385196,0.324847,-0.245988,0.641505,-0.30958,0.184025,0.222992,-0.248094,0.0404956,
-0.31002,0.349335,-0.438049,-0.230992,0.0504657,0.239102,-0.170605,0.117997,0.199868,
-0.484818,-0.00982639,0.357452,-0.0467263,-0.164431,0.622428,-0.42564,0.129145,-0.231034,
0.101797,-0.412261,0.283688,0.274761,0.46314,-0.340761,-0.272926,0.464638,-0.161679,

-0.248245,-0.311604,0.346623,-0.288985,0.212047,0.228529,0.300634,-0.255774,0.363285,
-0.210045,-0.244774,-0.330535,-0.0663983,-0.260601,-0.331567,-0.270125,-0.281895,0.276332,
0.343383,0.308279,0.106783,-0.309857,-0.0996222,-0.282225,-0.486657,-0.109568,-0.303476,
0.546342,0.185766,0.0382636,-0.472033,-0.0825046,0.45928,-0.1061,-0.248997,-0.158189,
-0.336349,-0.194736,0.31799,-0.199714,0.525467,0.115854,0.10755,0.211598,0.0220543,
0.0614787,0.181881,-0.538297,0.485478,0.246268,0.265016,0.18956,-0.289632,-0.169071,
0.0801823,-0.299482,-0.171463,0.0110375,-0.00875903,0.378963,0.308738,0.520187,0.19146,
0.220427,-0.373632,0.619588,0.446453,-0.627421,-0.458998,0.302847,0.238907,0.530021,
0.0218589,0.280873,0.396154,-0.151086,0.0485203,-0.222045,0.122173,0.13426,0.337522,
0.114453,-0.409254,-0.323043,0.30941,0.159884,-0.0977561,-0.295315,0.0243308,0.0504941,
-0.274637,0.193905,0.196093,0.461962,0.215436,0.133818,0.378436,0.0413665,0.519138,
0.0677512,-0.0624021,-0.0281226,0.133744,0.496804,0.522143,-0.746585,-0.455925,-0.233804,
0.307091,-0.176978,0.46288,-0.252041,-0.454041,-0.283059,0.0552882,-0.491408,-0.110193,
-0.415093,-0.022707,0.109808,0.398134,-0.105296,-0.203867,0.179178,-0.623145,0.0749551,
-0.123713,0.252556,-0.321454,0.191881,-0.303583,-0.327882,0.35059,0.00488487,-0.144622,
-0.0415675,0.420664,0.201038,-0.289918,0.193953,-0.252369,-0.0925308,-0.483935,0.429805,
-0.0125407,0.0155918,-0.1735,0.823964,0.205947,-0.808394,0.443711,0.507889,-0.418512,
-0.467776,0.235452,0.185082,0.218502,-0.255829,0.342665,0.481037,0.365062,-0.448448,
0.162714,-0.111277,-0.34449,0.532427,-0.163948,0.425119,0.26046,-0.184146,0.183634,
0.14808,0.290486,-0.469958,0.236522,0.195357,-0.113605,-0.1118,0.403293,-0.422668,
-0.432247,0.179024,0.193425,0.239241,-0.103677,-0.392497,0.307287,0.470356,-0.156466,
0.0788416,-0.186716,-0.34872,-0.0626563,0.217224,0.052104,-0.180526,0.54587,0.254206,
-0.140028,-0.224439,-0.0997459,0.178381,0.371397,0.440882,-0.0766539,0.171777,0.265406,
-0.102412,0.176246,0.216075,0.0514346,0.211178,0.179184,0.313288,-0.224757,-0.158692,
-0.256942,0.21912,-0.255936,0.193128,-0.415832,-0.220946,0.383857,0.543938,0.500345,
-0.361535,-0.103344,0.157998,-0.201933,0.326825,0.296875,0.411477,0.530675,0.0227341,
0.556219,0.32979,0.341224,-0.181056,-0.0167365,-0.455862,0.098166,-0.312936,0.352081,
0.240798,0.119056,0.0158496,0.468769,-0.0461592,0.378405,-0.115228,-0.104851,-0.196351,
0.337883,-0.462927,-0.591587,0.284523,0.0307844,0.103165,-0.325233,0.303667,0.208762,
0.0542962,-0.241182,-0.373638,-0.440132,0.0601325,-0.158404,0.116695,-0.214726,-0.222128,
-0.300822,0.202767,0.0123097,0.37149,-0.321536,0.42907,0.395488,-0.438903,-0.299614,
-0.269863,-0.518384,-0.382,0.233088,-0.212008,-0.022849,0.418202,-0.219774,0.1436,
0.0741949,-0.171526,0.328351,0.353202,-0.347757,0.246449,-0.385702,-0.269884,0.0152864,
-0.323412,0.185074,0.426112,-0.365616,0.175689,-0.407582,0.447348,-0.191136,-0.511447,
0.145146,0.393096,0.164814,-0.25385,0.178266,0.147076,0.226698,-0.405082,-0.252521,
-0.420069,0.373198,-0.209957,-0.0807081,-0.154968,-0.0600951,0.315502,0.0361734,-0.191786,
0.366173,0.311584,0.437432,0.199369,-0.216006,-0.496124,-0.0508577,0.311387,0.307535,
0.100129,0.229616,-0.0395699,-0.340201,-0.456291,0.0843514,0.0192699,-0.0786568,0.105542,
-0.0614024,0.355749,0.277112,-0.120626,-0.982586,-0.422882,-0.258299,-0.306654,0.12754,
0.00588898,0.137872,-0.564019,0.23651,-0.0274429,0.264837,0.339439,-0.484203,0.301908,
0.453741,0.477928,0.446834,0.34516,0.128867,0.495036,0.270551,0.145434,0.373786,
-0.407751,0.363103,0.136912,-0.153516,-0.119165,0.156964,0.199495,0.0861135,0.487838,

-0.0970882,-0.330536,-0.133068,0.614674,-0.431498,0.124091,-0.0911563,0.469217,-0.244393,
-0.189079,-0.341184,-0.254372,0.259168,-0.120663,-0.00703197,-0.437244,-0.137906,-0.433222,
0.167911,-0.212732,-0.155043,-0.395126,-0.185775,0.101521,-0.0822518,0.134468,0.210183,
0.444828,-0.427698,0.0721607,-0.234752,0.238056,-0.547761,0.121711,-0.267459,0.0256748,
-0.105674,0.32987,0.479143,0.249744,-0.114664,0.49103,-0.461966,-0.361871,-0.0206631,
-0.308964,0.325328,0.178514,0.101047,0.188741,0.171525,-0.178743,0.190709,0.313452,
-0.11827,0.249889,-0.399145,-0.326568,-0.096614,0.439606,0.0141641,-0.152383,0.187037,
0.105462,0.0124031,-0.251509,0.00769258,-0.337122,0.214145,-0.0886123,0.158065,-0.138751,
0.370169,0.213396,-0.417084,0.515572,0.101431,-0.00268087,-0.473372,-0.420949,0.426607,
-0.458891,-0.0364042,-0.53668,0.0544038,-0.280894,-0.49561,0.291226,-0.173445,0.481103,
-0.261368,-0.0473595,-0.365616,0.404405,-0.145896,-0.572186,0.330315,-0.257568,-0.181061,
-0.478149,-0.277602,0.314751,0.390953,0.0348094,-0.247942,-0.128457,0.00390488,-0.211618,
0.217334,-0.24476,-0.027114,-0.0466345,0.384796,-0.151179,0.245806,-0.238281,0.174743,
-0.397618,-0.0544119,0.244678,-0.0939432,0.434755,0.0196232,0.296428,0.163265,0.0548082,
-0.298826,0.146612,-0.43051,-0.0424322,-0.47893,-0.177141,-0.351412,0.494951,-0.28473,
0.310434,-0.462888,0.406271,0.248638,-0.0272832,-0.132103,0.493706,0.142426,-0.375785,
0.240093,-0.256106,-0.0952012,0.0851576,-0.131077,-0.167277,0.444315,0.157287,0.400405,
0.115673,0.182593,0.0316673,0.0733457,-0.151458,0.348662,0.0294825,0.34502,0.0922729,
0.434549,0.333605,-0.252777,0.271144,0.318603,0.280572,0.15366,-0.210407,-0.223118,
0.474714,0.546548,0.379724,0.376921,0.460246,0.231457,-0.382293,-0.265278,0.319065,
0.427497,-0.351393,0.137059,-0.0669962,-0.450324,-0.0156109,-0.282211,0.0718163,0.148268,
-0.121722,0.366113,0.494706,0.0538515,0.320844,0.398384,0.111337,0.436088,0.502845,
-0.194366,-0.385785,-0.159475,-0.0882039,-0.0868436,-0.333976,0.310113,-0.390616,0.439609,
0.385463,0.0372932,-0.272826,0.19767,0.138935,-0.137022,0.160024,-0.542249,-0.396164,
0.343039,-0.029227,-0.187164,-0.18199,-0.165759,0.0366583,0.0385848,0.469999,0.0838055,
0.0595442,0.201444,-0.187266,0.326874,0.400252,-0.0328269,0.351583,-0.155913,-0.429577,
0.540935,0.0788557,-0.158372,0.401523,-0.0339424,-0.0925373,-0.250339,-0.0179848,-0.462962,
-0.42431,-0.419082,-0.0513592,0.284816,-0.0328555,-0.253135,0.318356,-0.0396366,-0.275178,
-0.162941,0.3427,-0.686508,0.0397716,0.501025,0.259083,-0.274787,0.268372,-0.0688468,
0.284875,-0.449541,-0.495153,-0.0106948,0.251907,-0.389338,-0.0557808,-0.0660122,0.371005,
0.334746,0.491863,-0.40322,-0.205469,0.266143,0.113003,0.197431,0.162373,0.170269,
-0.0293348,-0.169225,0.278327,-0.474567,-0.406417,-0.135958,-0.147584,-0.123131,0.32779,
-0.0227074,-0.273004,0.478628,-0.636704,0.0552373,-0.338676,-0.319608,-0.319278,-0.206914,
-0.40083,0.253688,-0.314521,0.195767,0.394757,0.0421012,0.248374,0.325679,0.455105,
0.160162,-0.000489358,-0.06421,0.166641,0.0362269,0.186156,0.61657,-0.266883,-0.18388,
0.542532,-0.13383,0.477502,-0.167747,-0.203832,0.281278,0.474634,-0.0207236,-0.0229079,
-0.310445,0.0193525,-0.00668178,0.356647,0.277298,0.299397,-0.293727,0.0313832,-0.586912,
-0.245991,0.289341,-0.465125,0.168214,-0.176527,-0.666661,-0.121251,-0.425662,-0.497357,
-0.458259,0.0776405,-0.435817,-0.408158,0.335003,-0.0525432,0.0594341,0.224654,-0.277321,
0.260292,-0.420623,-0.314151,0.0257383,-0.0900194,0.249018,0.41579,0.322685,-0.512273,
-0.42878,0.286162,0.231048,0.218014,0.0197837,-0.103906,-0.466932,-0.368224,-0.376612,
-0.115567,-0.510425,-0.26798,0.310063,0.0832126,0.0187519,-0.400723,0.120411,0.0643228,

-0.417595,-0.0502766,-0.0800445,0.383011,-0.440324,0.065926,0.290656,-0.470138,-0.3155,
-0.25353,0.0911191,-0.450357,-0.457495,-0.496607,0.100854,0.366936,-0.114198,-0.233489,
-0.346367,-0.533561,-0.236927,0.764724,0.372587,0.325734,-0.0448139,0.461636,0.232099,
0.534025,0.33774,-0.0837787,0.379866,0.234163,0.345438,-0.389562,-0.127993,-0.0689121,
0.0244015,0.279769,-0.0936649,-0.39598,0.100837,0.274462,-0.412364,0.215013,-0.209388,
0.257576,-0.329381,0.202322,-0.117141,0.556887,-0.316057,0.445676,-0.0341217,-0.149888,
-0.22456,-0.302351,-0.0926464,-0.0821417,-0.00963036,-0.357797,0.40565,0.282669,-0.0674272,
0.208079,0.164728,0.283148,0.420456,0.29527,-0.310634,0.182494,-0.283314,-0.106416,
-0.0400074,0.133799,0.308721,0.379675,-0.150974,-0.0411337,-0.488243,0.204345,-0.0765724,
0.48887,-0.287601,-0.460259,-0.336,0.138007,-0.228782,0.0279509,-0.181883,-0.216773,
-0.297023,-0.0449886,0.207261,0.321635,0.382842,0.423498,0.167295,0.363286,0.294286,
0.285475,-0.318675,-0.650478,-0.361886,0.040211,-0.563173,-0.222166,0.468863,0.0678982,
0.3411,-0.445523,0.27487,0.263353,0.16639,-0.110812,0.455361,0.297016,0.351594,
0.166897,0.372309,-0.313216,-0.329327,0.203124,0.498199,-0.016417,-0.466307,0.284401,
-0.459483,-0.465386,0.458718,0.0798698,0.424358,0.00346527,-0.129883,-0.197454,0.467223,
0.288866,0.252896,-0.123651,0.0484667,-0.0969732,-0.452057,0.0494383,0.0727238,0.303127,
-0.173191,-0.0934682,0.329981,-0.480539,0.00349161,0.163657,0.533448,0.233835,0.0715275,
-0.717567,0.388265,-0.0783518,-0.124238,0.126594,0.264604,0.263491,-0.414825,0.113705,
-0.286543,-0.0418973,-0.0293051,0.368756,-0.390158,-0.131553,-0.291835,-0.369161,-0.148023,
0.0615804,-0.221382,-0.146072,0.0685872,0.425338,-0.347147,-0.294173,0.109536,0.397501,
0.15119,-0.119145,-0.0616524,0.373998,0.225393,0.0725366,-0.395248,0.240543,0.155561,
0.343537,-0.0485994,0.226062,0.0855293,0.41487,0.282546,-0.611245,0.204637,0.273068,
0.50327,0.170181,0.108676,0.116287,-0.484251,-0.277299,0.108472,0.0165033,0.487715,
0.0405542,-0.0334952,-0.404463,0.229217,-0.31968,-0.310555,0.356265,-0.460269,0.351141,
0.398333,0.00575572,-0.236666,0.19716,-0.415164,-0.371529,-0.309272,0.357435,-0.191923,
-0.387069,0.287366,-0.0465838,0.180219,-0.111094,-0.334809,-0.0649494,-0.0466021,-0.0624303,
0.137204,0.21792,0.0176842,0.339945,-0.546981,0.177007,0.139753,0.385224,0.416644,
0.028697,0.643805,0.29316,-0.0677152,0.472627,0.149166,0.127642,0.509176,-0.056694,
0.134405,0.254508,0.563901,0.150301,0.406701,0.0554809,-0.326217,-0.55154,0.334705,
0.239387,0.244596,0.397078,0.00934641,-0.489572,0.0499667,0.439688,0.471656,-0.429346,
0.116073,0.163336,0.137005,-0.484818,-0.25911,-0.0411166,-0.43472,-0.114456,-0.30004,
-0.146756,0.113853,-0.0629231,0.386223,-0.0597188,0.3199,0.095349,-0.157981,-0.233635,
0.258703,0.0540743,0.0223334,-0.0224504,0.202427,-0.278302,0.133149,-0.44832,0.446969,
0.22338,0.246209,0.205231,-0.365479,-0.588945,-0.257389,0.224157,0.453127,0.357609,
0.248834,0.0932038,-0.127279,0.399269,-0.518392,0.231475,0.105934,-0.0896437,0.273666,
-0.470331,0.190825,0.378938,-0.286442,0.236452,-0.421656,-0.189227,0.146739,-0.263034,
-0.609284,0.123684,0.0847099,-0.440601,-0.0495219,-0.154649,-0.401604,0.122765,-0.126625,
-0.0521559,0.308372,0.205764,-0.346691,-0.0263872,-0.336425,0.000266254,-0.402663,-0.308937,
0.387335,-0.0703,-0.392962,-0.354909,-0.0586075,-0.272232,-0.347203,-0.0977464,-0.181202,
0.358506,-0.264216,0.494357,-0.434279,-0.0351983,-0.439661,-0.11857,-0.214178,0.104897,
-0.252225,0.116616,0.175157,0.122558,-0.296483,0.291281,0.305125,-0.0406863,0.245333,
-0.277251,-0.456999,-0.129408,0.489697,-0.654728,-0.353612,-0.24093,0.187493,0.0310885,

0.210775,-0.616079,0.146062,-0.245886,0.000367306,0.317926,-0.339336,-0.165649,0.342294,
-0.148548,-0.316344,-0.259748,0.0670454,0.149879,0.083549,0.216258,0.0482975,0.17276,
-0.0502805,0.21827,0.475755,-0.120031,0.453957,-0.363763,-0.25109,-0.141705,0.254443,
-0.269738,-0.284079,0.332655,-0.354584,-0.0675077,-0.218171,0.331827,-0.201432,0.056653,
0.356581,0.44609,0.216086,-0.297258,-0.448913,-0.296301,-0.516887,-0.374926,-0.217454,
-0.0740067,-0.286758,-0.337041,0.377558,-0.261343,0.228094,-0.0309426,0.364621,0.254368,
0.579398,-0.277964,-0.379345,0.264789,-0.388798,0.188621,-0.215223,0.475996,0.114067,
-0.192117,0.275609,-0.214575,-0.325978,0.466525,0.278046,-0.48981,0.303439,0.278479,
0.153247,0.361866,0.153034,0.207491,0.188667,0.13178,-0.062599,-0.280703,-0.142152,
-0.37226,0.256657,-0.222348,-0.108965,-0.0189708,0.312058,-0.385157,-0.134214,-0.400209,
-0.321821,0.266578,-0.14364,-0.00444734,0.564732,-0.362538,-0.146788,-0.334352,0.382515,
0.0482328,-0.27025,-0.260281,-0.282704,-0.210964,-0.0394098,0.168293,-0.23483,0.490556,
0.0895946,-0.431531,-0.472812,-0.105379,-0.494316,0.129894,0.726015,-0.00237313,-0.384186,
-0.247795,-0.182951,0.617997,0.382984,0.109016,-0.508594,0.143842,-0.0541819,0.360608,
-0.478622,0.176668,0.217409,-0.521818,0.0422115,0.0143507,0.186064,-0.303913,0.170412,
0.366009,-0.57476,-0.0608052,-0.362062,0.364606,-0.0698432,0.221982,0.162158,0.214538,
-0.473283,-0.00315162,-0.350381,-0.365831,0.15943,0.126446,-0.106657,-0.274945,-0.100852,
-0.25373,-0.123219,-0.434231,-0.117762,0.38082,0.137061,0.268636,0.318829,-0.12319,
-0.293534,-0.35539,0.21368,0.373933,0.129488,0.0417196,-0.263182,-0.0921712,-0.185323,
-0.19842,-0.354336,-0.519405,-0.457031,-0.133507,0.281897,-0.104771,0.379646,0.114892,
-0.175377,0.315093,0.23307,-0.139086,0.182424,0.104667,0.480026,0.206496,-0.358806,
0.326695,0.20552,0.221064,0.380694,-0.502858,0.294464,0.01991,-0.296415,0.311453,
0.202436,0.290017,-0.23499,0.272921,-0.700222,-0.296524,0.278993,-0.368509,-0.223536,
0.748304,0.406661,0.456896,-0.462859,-0.146935,-0.187184,0.492259,-0.196673,0.0711671,
0.315974,-0.153795,-0.14459,0.105541,0.464065,0.00984576,0.340724,-0.192432,0.457922,
-0.25146,0.428595,-0.180986,0.177937,-0.382163,-0.164168,0.0215899,-0.170794,-0.302747,
-0.3073,0.129228,-0.365217,-0.322318,-0.00516838,-0.397033,-0.117253,-0.511017,-0.0834134,
-0.0663426,0.246189,0.0849278,0.16353,-0.150554,0.108627,-0.145991,-0.241886,-0.596971,
0.3619,-0.129951,0.246737,0.115389,0.172603,0.221812,0.398939,0.310783,-0.192153,
-0.197391,0.0229669,-0.0454948,-0.179638,0.0574125,-0.424439,0.0389786,0.427214,0.0523664,
-0.352281,0.0212588,-0.368626,-0.434093,-0.186687,0.638502,-0.38165,-0.498429,0.428322,
0.132317,0.576523,0.422223,-0.205677,-0.118818,-0.0842693,0.201372,0.0730498,-0.20364,
-0.308246,-0.100919,-0.106292,-0.150645,-0.0573299,-0.204787,0.204677,0.47276,-0.167062,
-0.669747,-0.0698551,-0.271875,0.530436,-0.415376,0.310326,0.153315,0.142533,0.233785,
-0.421019,-0.00753871,0.29662,0.461644,0.272728,-0.0552841,-0.104001,-0.208314,-0.106824,
0.381097,-0.0338838,-0.142656,-0.308751,-0.381335,-0.0207593,-0.0968123,-0.105056,-0.427591,
-0.292857,-0.365103,-0.191067,-0.218561,-0.233828,0.166649,0.207295,-0.0717312,-0.278554,
-0.187542,-0.452499,0.0975423,0.307021,0.327343,0.450981,0.490718,-0.232999,-0.297032,
-0.454753,-0.202616,-0.0760926,-0.0543728,0.291265,-0.208755,-0.28118,0.238361,0.323119,
-0.462818,0.117595,-0.13394,-0.0536711,-0.363125,0.384757,0.424287,-0.0365367,-0.0267112,
0.271538,0.205899,-0.407192,-0.103184,0.313873,-0.0494827,-0.380138,-0.384143,-0.324041,
0.4047,-0.0397293,-0.125963,-0.372302,-0.219747,-0.251086,-0.227108,0.460938,-0.33465,

0.357447,-0.318262,0.224864,-0.377584,0.0690892,-0.205261,0.129879,-0.108459,0.00216582,
0.25822,-0.0943151,0.0364513,-0.11675,-0.00304961,0.356078,-0.0142896,-0.0995047,0.396129,
0.124247,0.275461,0.0142,0.48964,-0.244875,-0.375284,0.223318,-0.114188,0.424866,
0.425379,0.337576,-0.201897,-0.495617,-0.376658,0.0775091,0.443344,0.265539,0.283151,
-0.352438,-0.11144,-0.218523,0.145957,-0.0837789,-0.0224421,-0.440449,-0.31507,0.00632551,
-0.120778,0.420704,0.427449,-0.269275,0.39326,-0.217921,0.380324,-0.434025,0.0177952,
0.360377,-0.762065,-0.52803,0.0128794,-0.132761,-0.491626,-0.109233,0.343786,0.00407302,
-0.477111,-0.308045,0.0305792,-0.284339,-0.483266,0.096612,-0.260133,-0.406246,-0.536326,
0.408353,-0.439119,0.255101,0.388342,0.002689,-0.112549,-0.0222875,0.383056,0.0410516,
0.533646,0.402293,0.302281,0.0835122,0.16136,-0.405325,0.34481,-0.0994437,0.242539,
-0.355394,0.165787,0.0430806,0.00385571,0.567237,0.183073,0.29985,-0.397428,-0.516408,
0.537778,-0.395452,-0.277535,0.408801,0.249661,0.392777,-0.518756,-0.375697,0.169958,
0.296181,-0.233131,-0.225356,-0.0403471,-0.0858566,-0.159543,0.10891,0.164291,0.0945379,
-0.462921,-0.139357,-0.315471,0.226434,0.22414,0.22859,-0.429359,-0.30587,-0.368198,
-0.0451073,-0.154385,0.0186163,-0.58554,-0.350914,-0.372423,0.192135,-0.117752,-0.419943,
0.293479,0.181781,0.127237,-0.0644272,-0.0325142,-0.210473,-0.725437,-0.228593,-0.533464,
0.209458,0.338077,-0.403178,-0.13141,0.0728643,-0.10913,0.061533,-0.222992,-0.22183,
-0.33749,0.173283,0.34569,-0.0607672,-0.472839,0.173289,0.485053,0.360683,-0.305489,
-0.440461,-0.424645,0.347624,-0.297418,-0.298554,-0.221521,0.21998,-0.349628,0.23573,
0.308629,-0.336097,0.00250298,0.306156,-0.147021,0.123848,0.247142,0.239597,-0.394588,
0.0952939,0.452167,-0.217164,-0.0112774,0.28299,0.104878,0.1478,0.573159,0.175635,
-0.154602,-0.106364,0.194078,0.223578,-0.299793,0.141747,0.0567913,0.516536,-0.145391,
-0.0960612,0.0446122,0.140687,-0.253638,-0.418504,-0.371813,0.515553,0.280179,0.149919,
-0.56902,0.0849141,0.185307,0.151391,-0.177852,-0.358543,-0.326989,-0.322526,-0.0544709,
-0.0824346,0.217783,-0.611057,0.408001,0.263345,-0.00885465,0.240947,-0.0020661,0.588492,
0.424369,-0.463227,0.00179764,-0.371582,-0.120675,0.0654453,-0.21346,0.263645,0.0127656,
-0.116106,-0.110819,-0.543471,-0.336282,-0.161529,0.277271,-0.263142,0.11068,-0.163721,
-0.396498,-0.209273,0.0137648,0.0399855,0.162034,-0.26153,0.0106849,0.641073,0.0457669,
0.0585881,0.206215,0.266443,-0.0117019,0.496665,-0.349967,0.328037,0.127319,-0.162928,
-0.234802,0.0158248,-0.358129,0.254566,0.191979,0.478925,0.189258,0.059355,0.457302,
0.469948,-0.177946,0.201078,0.358229,0.21758,0.287899,-0.127038,0.190072,-0.123369,
-0.0325845,0.205161,0.129896,-0.455182,0.383731,-0.307251,0.365641,0.486583,-0.317232,
-0.106774,-0.434629,-0.401588,-0.470274,-0.168189,-0.420503,0.304978,0.26496,0.0913429,
0.315358,0.0693136,-0.515214,-0.38909,-0.172953,0.782742,-0.373357,-0.4947,0.320721,
-0.0708004,0.278158,0.170354,0.0565544,0.12119,-0.329458,-0.0757194,0.164604,0.100516,
0.189315,-0.560062,-0.191064,-0.123822,-0.357443,-0.0457046,-0.0381713,0.2975,-0.462484,
0.130663,-0.189878,0.0935944,-0.311418,0.164198,0.0221206,0.184634,0.194507,-0.303655,
0.433199,-0.326106,-0.380737,0.0926195,0.303416,-0.506192,0.365574,0.412491,-0.253956,
-0.277543,0.254428,-0.507941,0.225329,-0.104111,0.534855,0.160934,0.127714,0.0226939,
-0.273818,-0.209864,0.148046,0.0943184,0.138579,0.212796,-0.551098,0.386804,-0.118308,
-0.391888,-0.0987041,-0.303783,-0.240987,0.378492,0.164759,0.574139,0.49923,0.174384,
0.190575,-0.13891,0.286035,-0.074778,-0.26526,0.171268,0.113846,0.444181,-0.170405,

0.409594,-0.147311,-0.291515,0.304706,-0.277907,0.174074,0.250759,-0.271037,-0.0940391,
0.437082,-0.110583,0.453689,0.186587,-0.0305383,0.0492785,-0.121649,0.44797,0.179889,
-0.371299,-0.157041,0.0283845,-0.127023,-0.040881,-0.216128,-0.372338,-0.448655,0.457975,
-0.202684,-0.172996,-0.155321,0.0672752,-0.145956,0.146474,-0.510689,0.24124,-0.0508468,
-0.370987,-0.293128,0.0151652,-0.509068,0.163953,0.364956,-0.0757205,-0.351424,0.0625257,
0.121318,-0.475226,0.295388,0.334086,0.366038,0.167156,-0.34242,-0.380434,0.316945,
-0.131925,-0.304853,0.357275,0.311615,-0.202779,0.0409771,0.0487844,-0.202654,0.036467,
-0.419759,0.490396,0.326945,0.110435,0.379137,-0.190741,-0.163067,0.0296196,0.0324617,
0.235062,0.394163,0.359245,0.30493,-0.342172,0.29369,0.403182,-0.208678,0.300444,
0.176488,0.326561,-0.172595,-0.0708563,-0.471891,0.198738,-0.389111,-0.05255,0.451076,
-0.430224,-0.356408,0.310643,0.0761827,0.345293,0.254341,0.429306,0.487466,0.162314,
-0.0819815,-0.147441,0.382624,-0.521988,0.412358,0.086926,0.437849,-0.171933,0.539413,
0.0642657,0.287392,-0.464221,0.277168,-0.0623072,-0.61701,0.019654,-0.0467953,-0.424276,
0.0967578,0.0292566,0.377714,0.284164,0.359081,0.0787227,-0.341129,-0.183481,0.349998,
0.246196,-0.354178,0.313419,0.105748,-0.032028,-0.0242262,-0.276223,-0.422632,-0.24103,
0.0739921,0.276775,0.313057,-0.191045,-0.548794,-0.339368,-0.302135,0.387924,-0.0712467,
0.072722,-0.4067,-0.156802,0.473392,0.294531,0.116082,0.428055,-0.139111,0.0541241,
0.690898,-0.549556,-0.398688,0.0592359,-0.424742,-0.140868,0.356762,0.596483,0.211582,
0.102541,-0.148091,-0.0944119,-0.368415,-0.161028,-0.564672,-0.078993,0.255922,-0.34869,
-0.295305,-0.308895,0.0861989,0.0455585,0.14636,-0.154341,0.352901,0.267558,0.0336849,
-0.162186,0.0446248,0.456282,-0.264782,-0.256679,0.205272,-0.0388485,0.00920363,-0.0348313,
0.0120255,-0.278553,0.488263,0.250027,-0.269882,0.437577,-0.0650267,0.156439,-0.341369,
-0.132808,0.369511,0.0552655,0.382742,-0.465903,-0.587855,-0.344605,0.0565693,-0.39688,
-0.206263,-0.31025,-0.256468,-0.25646,0.269993,-0.354604,0.0412652,-0.107793,-0.458318,
0.0196467,-0.224507,-0.327959,0.536917,0.136605,0.277322,-0.452817,-0.0680364,-0.327901,
0.193909,-0.189299,0.109627,0.39242,-0.668085,0.21839,-0.00239412,0.445533,0.301033,
0.58404,-0.00103764,0.356493,0.124979,-0.258705,0.200068,-0.0520162,0.202651,0.0518026,
-0.321354,-0.351247,0.323304,0.489177,-0.228243,0.233216,-0.321403,-0.0362847,-0.366745,
-0.358243,-0.368267,0.258301,0.144362,-0.404385,-0.318155,-0.179582,-0.0458629,-0.487439,
-0.128383,0.352636,-0.29984,-0.0174542,0.249912,-0.322362,0.420975,-0.000449348,0.408145,
0.0877645,0.1327,-0.180309,0.116411,0.189302,-0.381511,-0.478122,-0.466329,-0.137652,
-0.0815012,0.417887,0.105658,-0.397241,0.104527,0.209956,0.449773,-0.193837,-0.268465,
0.061593,0.637145,-0.0583645,-0.356048,0.151137,-0.0890981,-0.211869,0.239184,0.220457,
0.366074,0.461625,-0.287667,-0.114454,0.485222,-0.457315,0.4176,0.48453,-0.0438195,
0.0685342,-0.040837,-0.195897,0.20767,-0.0927313,0.0178306,-0.367104,-0.0976355,-0.0579099,
-0.346722,0.238542,0.363328,-0.0843561,0.514688,0.495883,-0.645323,-0.0654305,0.20073,
0.101157,-0.0549369,0.073535,-0.198193,0.256592,0.09299,-0.22336,0.700129,-0.356205,
0.101805,-0.315662,0.374768,-0.476774,-0.00463107,0.0716714,-0.0320217,-0.30662,-0.33694,
0.257666,-0.698881,-0.496721,0.141806,0.0458363,0.142375,0.200214,0.446717,-0.0359292,
-0.140904,0.469228,-0.274224,0.0877083,0.0888877,-0.239397,-0.235694,-0.184632,0.237314,
-0.216035,0.0704345,-0.272079,-0.300247,0.216858,0.422925,-0.313426,-0.0091067,0.248134,
0.205171,-0.486847,-0.306994,0.475115,0.0774564,-0.385208,-0.0170867,-0.365924,-0.280108,

-0.190198,0.0947053,-0.0289455,0.481775,0.29613,0.20658,-0.33195,-0.271993,-0.308853,
0.370664,-0.0329141,0.490377,-0.207841,0.0353341,0.286818,-0.31279,-0.278996,0.160221,
0.0135018,0.490684,0.358766,-0.316933,-0.489414,-0.0472012,-0.515339,-0.21671,0.0514884,
0.0396596,-0.119033,-0.437867,0.535188,0.101423,-0.466692,0.0192087,-0.0767431,-0.480608,
-0.554784,0.21333,-0.000963181,-0.000859467,-0.356322,-0.451658,-0.481694,0.228753,-0.111367,
0.0773012,0.215123,0.0111046,0.582454,0.492068,0.215713,-0.224821,0.143679,-0.0941926,
0.00624116,-0.192759,0.0996789,0.30779,0.104604,0.291521,0.315327,-0.57914,-0.485328,
-0.327467,-0.268728,-0.260349,-0.0225642,0.0155583,-0.0610977,-0.070691,-0.478614,-0.186913,
-0.18351,0.16831,-0.437599,-0.0298704,0.321404,0.0183545,-0.346415,0.378156,-0.400709,
-0.359604,-0.550695,0.502665,-0.444197,0.370599,-0.438709,0.492,-0.0880311,0.0197571,
0.321309,0.556551,-0.350289,0.183316,0.133817,0.406253,-0.386309,-0.438732,-0.0495824,
0.452916,-0.233423,-0.615039,-0.41593,0.0483562,0.243066,-0.265468,-0.365884,0.162513,
-0.116381,-0.448458,0.0272163,0.395039,-0.213481,0.526606,-0.460768,-0.36657,0.254797,
0.317375,0.175507,0.318145,-0.167268,-0.0550209,0.138682,-0.0551135,0.391461,0.0906538,
0.195988,0.504654,-0.113088,-0.15752,0.14708,-0.203856,-0.153128,0.456771,0.406082,
-0.48611,-0.246733,0.229716,-0.333942,-0.141003,-0.415332,0.0201935,0.599814,0.3032,
0.589649,0.173316,0.352241,-0.450718,-0.401325,0.254012,0.310744,-0.389509,-0.124433,
-0.309122,-0.0264995,0.159429,0.504471,0.388515,0.27679,-0.28619,0.538936,-0.015442,
0.0178823,0.384127,-0.376842,-0.541175,-0.342029,-0.48827,-0.425113,0.236782,-0.370843,
-0.369665,-0.680266,-0.106125,0.0970422,-0.0586993,-0.317811,-0.340219,0.0752213,0.261255,
0.23443,0.0597584,0.406854,-0.112111,-0.395109,-0.308313,-0.0683256,-0.118522,-0.51252,
0.294488,-0.423708,0.142023,0.196008,0.420682,-0.0721084,0.422542,0.163545,-0.312438,
-0.43747,-0.296464,-0.440347,0.105006,-0.0662532,-0.27973,-0.0707937,-0.4362,-0.56488,
-0.120297,0.222565,-0.447553,0.149138,0.394768,0.429584,0.35713,0.170597,0.0284681,
-0.0581528,-0.256256,-0.299074,-0.136671,0.137987,-0.38362,-0.45998,0.335472,-0.30971,
0.434499,0.0847972,0.111728,0.0157911,0.293803,0.282828,0.318865,0.490142,-0.322514,
-0.198235,-0.233674,0.257375,0.166616,0.0996843,0.300042,0.0657091,0.262946,-0.394254,
-0.070486,-0.498792,-0.391258,0.446258,0.201487,-0.281667,0.317572,0.521338,0.0212181,
-0.0315894,-0.388848,-0.236486,0.257098,0.19648,0.27764,-0.168964,0.105127,0.0108607,
-0.584046,-0.166274,-0.0106853,0.0794298,-0.449516,-0.16949,-0.103786,0.331257,-0.226804,
0.34149,-0.144075,-0.334986,-0.0638822,0.397292,-0.236576,0.38531,0.324364,-0.400491,
0.195947,0.0323117,-0.437318,0.0074884,-0.543789,0.0740531,0.188439,-0.0619679,-0.246864,
0.0364822,-0.307076,0.348634,-0.283139,0.233933,0.126596,-0.296038,-0.184304,-0.325235,
-0.336062,-0.114416,-0.0964487,0.312313,0.209458,-0.15652,0.302513,0.0660179,0.451187,
-0.14091,-0.482169,0.436869,-0.438729,0.11791,0.00627317,0.0487319,-0.0195947,0.138441,
-0.291028,-0.350896,-0.455386,-0.485515,-0.154,-0.131371,0.393555,-0.40038,0.456372,
-0.297978,0.0106507,0.254006,0.318997,-0.142574,-0.0265416,-0.0251324,-0.0157238,0.00935327,
0.197865,-0.0542259,-0.347736,-0.0234791,0.13751,0.398586,0.568442,-0.111177,0.310538,
0.181502,-0.354946,-0.0138088,-0.418511,0.193174,-0.0725284,-0.348648,-0.33452,-0.374804,
0.10851,0.322636,0.514248,-0.490374,-0.351793,0.139132,0.379543,0.342999,0.354753,
0.082654,-0.162856,0.36889,0.205939,0.192909,0.430038,0.484232,0.493545,0.0178753,
-0.0238726,-0.14989,-0.041971,0.290073,-0.18274,0.398937,-0.0114749,-0.151169,0.0425048,

-0.337234,-0.0652812,0.365649,0.026939,0.121878,-0.099649,0.256489,-0.482395,0.176488,
-0.264116,0.0539679,0.44553,-0.151057,-0.378267,0.0305764,-0.176364,-0.41104,-0.316516,
-0.306868,0.180383,0.475907,0.258831,0.113359,0.349926,0.0147923,0.385596,-0.0842689,
0.345604,-0.361266,-0.0308999,-0.358226,0.285193,0.428419,-0.469775,-0.290362,-0.3095,
0.233805,-0.168806,-0.390489,-0.1719,0.398298,-0.400411,0.15083,-0.29921,0.272957,
-0.204649,-0.0315783,0.0528653,0.362238,0.399974,0.0447731,-0.0304904,-0.0429277,-0.452022,
0.0630295,0.384558,0.169192,-0.255235,-0.192347,0.0731944,0.183464,0.228245,0.03689,
0.0303953,-0.38808,0.241028,0.497674,0.100807,0.33561,-0.118601,-0.261115,-0.182902,
-0.34161,-0.137374,-0.159886,-0.242738,0.288581,-0.420839,-0.235667,-0.168281,0.598034,
-0.172904,0.403188,0.186322,-0.23753,0.161091,0.478278,-0.0415733,-0.0240172,-0.11417,
-0.0222653,0.305729,0.296205,0.0264621,-0.0461271,0.14857,0.327219,-0.437335,0.158975,
-0.398363,-0.325832,-0.184326,-0.105011,-0.265871,-0.130675,0.0569866,0.0831968,-0.0906813,
0.484598,-0.200597,-0.0524243,0.41948,0.568066,-0.242383,-0.261026,0.340953,-0.277916,
0.140589,-0.48021,0.324953,-0.374082,-0.323096,0.1867,0.184014,0.419077,0.107432,
0.162031,-0.227487,0.486729,-0.0940177,0.453941,-0.328295,0.378388,0.0891973,-0.768038,
-0.188648,-0.373239,0.191243,-0.294775,-0.305587,-0.481076,-0.420089,0.316261,0.124683,
0.37929,0.0612842,0.274855,-0.127147,-0.398912,-0.06938,0.494137,0.363877,0.0315052,
-0.390902,-0.447345,-0.0441821,0.37617,-0.265908,-0.356622,-0.525106,0.0699266,-0.302131,
-0.166681,0.0346084,-0.0469525,-0.506237,0.429294,0.284236,0.109448,-0.44917,0.305566,
-0.02749,0.49281,-0.0673495,0.211355,-0.289734,0.0980764,0.327333,0.431689,0.00467495,
-0.106964,-0.0137056,0.409672,-0.284264,0.0531572,-0.348822,0.347121,0.134108,0.375534,
-0.00863722,0.305097,0.170983,-0.440032,0.537862,0.102931,-0.0814213,0.0338639,0.122088,
0.244648,-0.282563,-0.148996,0.214483,-0.129246,0.307473,-0.0838975,0.265681,0.283101,
0.212611,-0.0039806,0.408475,0.106377,-0.419462,-0.370304,-0.250194,0.166638,-0.22902,
-0.157094,0.320785,-0.349783,0.0391583,-0.0709813,0.332072,0.16551,0.171446,-0.282576,
-0.313359,0.358425,0.17701,0.0431942,0.274734,-0.40988,-0.249032,0.295749,0.0946616,
0.137653,0.344474,0.442009,0.173802,-0.291384,-0.0507517,-0.35009,0.283707,0.315292,
-0.44409,0.449718,-0.180183,0.190978,-0.0386766,0.347043,-0.17225,-0.373376,-0.383398,
-0.0483458,-0.167099,-0.45053,-0.0510311,0.0838896,-0.124367,0.00628591,0.0915573,-0.263447,
-0.0881869,0.10907,-0.000569484,-0.253286,0.488241,0.363289,0.408361,-0.00637102,0.0368034,
0.063399,-0.0736488,0.296921,0.384304,-0.0883917,0.00403575,0.162824,0.464019,0.241505,
0.124546,0.348809,-0.42809,0.0704013,0.20142,-0.0979323,-0.214947,-0.197868,0.276696,
0.0333112,0.179886,-0.295883,-0.047458,-0.199134,0.142313,0.205784,0.0973045,0.456675,
0.00393374,-0.095649,0.00760245,0.442203,-0.263547,-0.265733,0.441374,0.291866,0.055431,
0.326504,0.380107,0.104342,0.540783,0.0555321,0.177813,0.560803,-0.180605,-0.345319,
0.200789,-0.539273,-0.0208118,-0.211589,-0.376922,-0.466636,0.226829,0.426908,0.186194,
0.0314294,0.291584,0.326611,0.425117,-0.406337,-0.266521,-0.477148,-0.19406,0.150908,
0.308968,0.458194,0.108091,0.29278,0.34842,0.490103,-0.341581,0.504063,0.216113,
0.163341,0.05227,0.314164,0.104604,-0.0877513,-0.0903802,-0.560065,-0.328682,0.401345,
0.339105,0.234526,0.317885,-0.191618,0.345506,-0.513251,0.200915,-0.826496,0.358667,
-0.466736,-0.315911,-0.241618,2.80738e-05,0.154831,0.306841,0.0740892,-0.506031,0.401651,
0.463651,0.39989,-0.231889,0.249244,0.0842451,-0.633287,0.213392,0.02188,-0.478522,

-0.0698986,0.021727,
0.457145,-0.301783,
-0.185181,0.0335812,
-0.102282,-0.187657,
0.280562,0.687186,
0.243736,0.501689,
-0.402852,-0.492133,
0.432758,0.124163,
-0.362542,-0.269022,

0.360098,-0.0502653,
-0.492245,0.13153,
0.220385,-0.104604,
0.329317,-0.422678,
0.231121,0.157047,
-0.234661,-0.315097,
-0.332,0.272732,
-0.269209,-0.144703,
-0.30608,0.124317,

-0.0283041,-0.245298,
0.246839,0.360637,
-0.296469,0.45334,
-0.210314,-0.430564,
-0.45885,0.0707015,
-0.262655,0.31084,
0.0399801,-0.416378,
-0.0628578,0.0596763,
-0.282537,0.198602,

0.145033,0.404662,
0.243264,-0.479001,
0.167431,0.238218,
-0.252426,0.285748,
-0.0635646,-0.0323857,
-0.0504586,-0.258756,
-0.300742,-0.168894,
-0.25087,0.126025,
-0.154299,0.0187744,

0.519947,0.363895,
0.183113,0.485034,
0.0495532,-0.0898312,
0.165738,-0.167515,
0.0152753,-0.505058,
-0.709083,0.414981,
0.502339,-0.217072,
-0.0884537,0.248378,
-0.335027,0.169785,

0.508372,-0.545184,
0.197462,-0.0513963,
-0.0152168,-0.275513,
-0.289228,-0.226442,
-0.380127,-0.345657,
0.361643,-0.377484,
-0.482213,-0.481055,
-0.0228173,-0.35721,
-0.166147,-0.0424697,

0.293536,0.156626,
-0.14608,-0.0859721,
0.0954696,0.10543,
0.0642899,-0.143325,
0.0361795,0.473388,
0.285716,-0.345531,
-0.29984,0.0950369,
-0.221283,-0.0921607,
0.14868,0.263829,

0.220006,-0.42595,
0.126118,0.0422338,
0.353989,0.425185,
0.0817302,0.1797,
0.0255168,-0.215772,
-0.0500008,-0.496206,
0.373063,-0.0211093,
0.370819,0.265413,
0.383295,-0.48064,

-0.15699,-0.0969321,
0.00848004,-0.0125812,
-0.251845,0.467474,
0.320001,0.230232,
0.116326,-0.0731379,
0.452939,-0.474653,
-0.0461911,-0.336775,
0.00038445,-0.299866,
-0.481756,-0.108154,

0.100646,
0.0813961,
-0.0484741,
-0.270605,
-0.316504,
0.427554,
-0.066938,
0.301782,
0.105782,

0.31412,
0.388312,
0.154418,
-0.369366,
-0.457425,
0.18398,
0.0302398,
-0.109117,
0.515661,

