6 7 3 3 3 3 1 2 

0.0132232,0.222032,0.621839,-0.514081,-0.281383,0.438024,0.453045,0.375903,-0.0993695,

0.454534,0.457543,-0.597747,0.41561,-0.729771,-0.31215,0.448484,-0.13564,0.360178,

-0.27166,0.0139228,0.427458,-0.0551614,-0.168547,-0.169192,0.171622,0.0860866,0.0519322,

0.187546,0.322394,-0.381293,-0.474544,-0.205138,0.0112231,-0.494564,0.231407,0.303786,

-0.409621,-0.63465,-0.0599835,-0.48719,0.244868,-0.160962,0.414143,0.221823,-0.0114882,

0.411384,0.410319,0.094505,-0.259899,0.28498,0.431434,-0.518428,-0.212915,0.68782,

0.3215,-0.443949,-0.410884,-0.448233,-0.373888,-0.155067,-0.337101,0.234105,-0.568875,

-0.383993,-0.417704,-0.00107037,0.266362,0.100461,-0.239362,-0.301744,0.47215,0.288269,

0.226788,-0.0564707,-0.286339,-0.268169,0.25099,-0.337085,-0.121989,0.131116,0.102424,

0.194056,0.484715,-0.176277,0.270849,-0.0224872,-0.202804,0.212289,-0.19495,0.213387,

-0.2575,-0.0284802,0.498258,-0.392704,0.18228,0.123587,0.301076,-0.444127,-0.0843012,

-0.02252,0.432469,-0.333945,0.495075,0.396284,0.0691608,-0.0407351,-0.107407,0.415935,

-0.469099,-0.207178,-0.307804,-0.484517,-0.448401,0.524783,-0.282538,-0.415945,-0.554567,

-0.391145,-0.0380235,-0.11081,-0.209538,0.331803,0.0914161,0.0379647,-0.125152,0.228595,

0.22985,0.241787,0.254944,0.478496,-0.184996,-0.251537,0.228277,0.579841,-0.122993,

-0.421949,-0.0114352,-0.430475,0.0513182,0.417737,0.444987,-0.267645,-0.433744,0.104845,

0.394124,0.288019,0.134008,0.253123,0.422165,-0.505085,-0.103944,-0.261498,-0.272372,

-0.250748,-0.0513059,0.343145,0.112752,0.267846,0.200825,-0.369201,0.498555,-0.178464,

0.340242,0.287769,0.314221,0.0359258,-0.185634,-0.418522,0.534853,-0.0715606,-0.437479,

-0.337068,0.40778,-0.0888252,-0.223655,0.337726,0.122324,-0.374706,-0.259047,0.0286172,

0.429979,-0.0605503,-0.414097,0.179114,0.000498891,0.61036,-0.0595995,-0.174522,-0.111304,

-0.304098,-0.119225,0.25028,-0.0886099,-0.130991,-0.493428,-0.023032,0.307211,-0.299067,

0.41444,0.470643,-0.239935,0.198012,-0.341076,-0.38868,-0.0543438,-0.454974,-0.427586,

-0.359454,0.352233,-0.336326,-0.134641,-0.33515,-0.0952626,-0.0190275,0.0710539,0.33542,

0.240887,-0.122604,-0.309061,-0.0549425,-0.340952,-0.313361,-0.265435,-0.256263,-0.224927,

-0.221881,0.7034,-0.0290044,0.520016,0.284054,0.376372,0.120502,-0.267573,0.0598602,

0.270735,0.49477,0.050069,0.101565,0.0864646,0.457761,0.301863,0.219503,-0.222609,

-0.101093,0.761334,0.291361,-0.0156792,0.167165,0.117949,-0.0936283,0.0367251,0.109768,

-0.359318,0.419113,-0.304487,-0.431619,-0.317599,0.0168751,0.150584,0.378633,-0.314464,

0.350716,-0.175241,-0.41647,0.604295,0.0744812,0.500837,-0.0339348,-0.160403,0.176754,

0.442278,0.603715,-0.441977,-0.259944,0.0367199,0.164781,-0.113429,-0.0547633,0.0776529,

-0.465088,0.246105,-0.192876,-0.319128,0.144175,0.0665622,0.421304,-0.382687,-0.320307,

-0.134722,-0.122435,-0.0184018,0.103412,-0.469571,-0.426661,0.0691274,-0.0681648,-0.063422,

0.0399772,0.387159,-0.698737,0.356072,-0.349529,0.397216,0.268788,0.0695807,-0.0893061,

-0.461256,-0.202107,0.283152,-0.316662,0.399389,0.23865,0.227378,0.180765,0.0540406,

-0.45182,-0.542942,-0.475163,-0.21818,0.577058,0.319874,-0.47563,-0.0556696,0.431353,

-0.555833,0.234097,-0.48647,0.308646,0.283266,0.410775,-0.386069,0.141733,0.182542,

0.411525,0.45013,0.442274,-0.298511,0.348498,-0.00983072,-0.0945092,0.0141255,-0.445511,

0.372392,0.408808,0.0712489,0.0225393,-0.221235,0.212584,0.184823,0.376224,0.246549,

0.330202,-0.0481593,-0.178835,-0.470817,0.0568278,0.446275,0.271532,-0.0603147,0.297169,

0.278134,0.0539451,0.317425,-0.217574,-0.242379,0.292754,-0.0367501,-0.373908,0.465594,

0.406564,0.127691,-0.0620203,-0.240188,0.25249,-0.342254,0.491082,0.188644,0.308394,

-0.0914568,-0.209499,0.563204,-0.593747,0.0508501,0.233162,-0.0481254,-0.133427,0.154286,
0.377689,-0.363301,0.10337,0.0676319,0.485798,-0.046836,0.236597,-0.533772,-0.463567,
-0.0728064,0.144415,-0.290042,0.579357,0.251695,0.311554,0.360975,-0.161545,0.421303,
0.214755,0.0576131,-0.3426,0.456966,-0.0494183,0.121701,0.0448505,-0.129123,-0.26768,
-0.0916167,0.367364,0.100374,0.0936975,0.419981,-0.0723506,0.536842,0.114795,0.225606,
-0.218756,-0.167154,0.417523,0.48979,0.21917,0.426294,-0.700833,-0.286565,-0.515338,
-0.0638312,-0.341555,0.437589,0.0299307,0.151269,-0.46013,0.242841,-0.150482,-0.444047,
-0.271155,-0.255941,0.195968,0.0289224,0.494704,-0.228683,0.032066,-0.318401,0.0950234,
0.147437,-0.625615,-0.0116524,0.291906,0.456435,-0.0119227,-0.661366,-0.0339563,-0.325477,
0.15806,-0.391052,-0.176696,-0.069604,-0.230219,0.296179,-0.134631,0.276129,-0.449072,
-0.126852,-0.049156,-0.215377,0.387288,0.0201903,0.073877,0.112765,-0.584106,-0.426404,
-0.467873,0.295862,-0.0476485,0.104942,-0.0449288,0.581347,-0.177216,-0.404212,0.54979,
-0.432627,-0.290612,0.196701,0.274108,0.397206,0.171844,0.0137166,0.370591,-0.318324,
0.0176297,-0.129554,-0.2855,0.0147188,0.399881,0.340021,0.161307,0.300497,-0.446768,
0.0706828,0.0580532,0.545797,0.104189,-0.22658,-0.016494,-0.390737,-0.408085,0.0505458,
0.435714,0.00439367,0.326282,-0.359249,-0.309809,-0.0974308,-0.0624823,-0.607611,-0.368654,
0.159262,0.285152,0.403665,0.191171,0.417033,0.463924,0.247197,-0.300915,0.452563,
-0.417118,0.185812,-0.462426,-0.317323,-0.283479,-0.376499,-0.403795,-0.422301,-0.161738,
-0.357142,0.250222,0.0175754,0.232899,-0.435703,0.37362,0.11739,0.128364,0.266146,
-0.617669,0.435744,-0.221976,-0.0387521,0.319529,0.351444,0.235969,0.452764,0.164934,
-0.424671,-0.424873,-0.217795,-0.393053,0.413129,0.174368,-0.463574,0.187839,-0.342315,
-0.399867,0.575446,0.411941,-0.180602,0.428662,-0.140472,-0.0397241,-0.418963,0.339323,
0.415766,-0.424811,0.466226,0.468234,-0.183556,0.350306,-0.429403,-0.166191,-0.0164735,
0.260638,-0.304912,-0.265339,0.169801,-0.401245,0.321042,0.498771,0.00101969,-0.108064,
0.0278827,0.429447,-0.121016,0.0769834,0.148567,0.60976,0.180434,0.0939929,0.345996,
0.216286,-0.0619224,-0.137448,0.0435141,0.153202,0.375581,-0.448238,-0.402317,0.289726,
-0.275706,0.330264,-0.348081,0.0448555,0.101754,0.30737,0.0986285,0.2607,0.253479,
-0.0924924,0.296245,0.168249,-0.0673961,0.244865,-0.448324,-0.0386898,-0.330788,0.171033,
-0.071703,0.503069,0.227766,0.24247,-0.131428,-0.534239,-0.227907,0.404982,-0.36581,
-0.190142,-0.395178,-0.27299,-0.0943194,0.18516,0.142956,-0.193247,0.395121,-0.225116,
-0.235031,-0.084697,0.0162706,0.420199,-0.188561,0.30449,0.331105,0.0815225,0.528319,
-0.531467,0.328176,0.132443,-0.652562,-0.239634,0.00783789,0.101851,0.276182,-0.378638,
-0.128907,0.102426,-0.03259,-0.175383,0.167996,-0.385249,-0.146613,-0.0745918,-0.595961,
0.187945,0.17428,0.363047,-0.256854,-0.270263,0.447203,-0.30367,-0.0516664,-0.121293,
-0.38143,-0.297983,-0.0445668,-0.266216,0.191051,-0.14474,0.303768,-0.367829,-0.414104,
0.4853,0.0331632,0.307634,0.390483,0.248681,-0.189865,-0.480884,-0.249915,-0.316052,
0.494721,0.336588,-0.368863,-0.026215,0.299823,0.187373,0.183559,0.376678,-0.207553,
0.390024,0.270439,-0.320742,-0.265816,0.154718,0.00170106,-0.274345,-0.125396,0.00732279,
0.295955,0.0404481,0.4781,0.425365,0.275647,0.264564,0.224293,-0.310714,-0.012052,
0.212787,0.337841,0.63034,-0.0106106,0.179913,-0.00177208,0.251593,-0.011271,-0.303734,
-0.250584,0.128293,0.532558,-0.168666,-0.324946,-0.404491,0.474191,0.323483,0.119505,
-0.411748,-0.393143,0.341561,-0.403196,0.157624,-0.117505,-0.227847,-0.0792443,0.494899,

0.171983,0.331717,0.2269,0.171162,-0.226544,0.323078,-0.355355,-0.383087,0.226294,
0.00590867,-0.193503,-0.0805673,-0.0861297,-0.633965,0.597641,-0.346008,0.451615,0.255126,
0.299314,-0.126907,-0.511644,-0.00207281,0.396796,0.383298,-0.321705,0.48852,0.0598259,
0.466281,-0.348196,0.288623,-0.0895192,-0.310851,0.24558,-0.12248,-0.426819,-0.135774,
0.41307,0.0365032,0.250047,0.0244883,-0.381499,-0.417306,0.00473231,0.554011,-0.0950415,
-0.492651,-0.0167761,-0.265221,0.314202,0.057447,-0.160498,0.147636,-0.548953,-0.293546,
-0.256039,0.487592,0.68491,-0.410457,0.0895463,-0.156366,-0.419536,-0.42403,0.182692,
0.354445,-0.23224,-0.430426,-0.0926423,0.0800694,-0.325801,0.28933,-0.408463,-0.27662,
-0.233915,0.359452,0.112689,-0.267152,-0.0560668,0.150418,0.36639,-0.211505,-0.0547342,
0.163453,0.540767,-0.50035,0.311766,0.326677,0.151222,-0.0353179,-0.267446,-0.478447,
0.0495521,-0.610504,0.137898,0.0362234,0.00117987,0.277024,-0.323678,0.550633,-0.256771,
0.144314,-0.162112,-0.351445,0.515171,0.218831,-0.533651,0.448723,-0.248445,-0.240489,
-0.344148,-0.242025,-0.415351,-0.238852,-0.11898,-0.333121,0.271004,0.0956828,-0.494882,
0.510027,0.181602,0.0510046,0.159697,0.407909,0.586513,0.346126,0.107294,-0.0730993,
0.150875,-0.693015,0.27285,-0.0248456,0.294804,0.18533,0.233773,-0.415262,-0.0628276,
-0.0855416,0.0534686,0.54858,0.479657,0.316547,-0.0314744,0.169877,0.355866,0.112263,
-0.343192,-0.177639,-0.190561,0.266106,-0.146218,0.0331478,0.465479,0.31062,-0.148475,
-0.246931,0.181024,0.290762,0.107325,0.31048,0.319235,0.438106,-0.570899,0.492938,
-0.451619,-0.306643,-0.411993,0.326279,-0.37337,-0.138957,0.132001,-0.508446,0.484526,
-0.266456,-0.27459,-0.336542,-0.375198,-0.459672,0.551602,-0.278054,0.217608,-0.0210117,
0.350679,-0.132552,-0.428544,-0.251014,0.401774,-0.081238,0.0294569,-0.341912,-0.0578585,
-0.146226,0.234358,0.103035,0.364627,0.183285,-0.0841481,0.135981,-0.298942,0.436828,
0.408284,0.386186,0.084696,0.361357,-0.308145,0.356028,0.333606,0.0712583,0.213657,
-0.0755024,0.282711,-0.0236472,-0.0109946,0.392806,-0.312507,-0.185058,-0.353316,-0.330274,
-0.0144882,0.26225,-0.0489202,-0.342107,-0.273848,-0.310137,-0.347108,0.399629,-0.0254234,
0.187793,0.347333,0.247869,0.301168,-0.453371,-0.677839,0.226411,-0.248864,0.0484836,
0.165212,-0.35747,0.234306,0.0312054,0.493618,-0.0425578,0.256182,-0.229214,-0.0983929,
0.37723,0.267835,-0.0200015,-0.0216528,-0.379458,-0.412284,0.41818,0.205862,-0.56914,
0.223272,-0.112528,0.159201,-0.27278,0.179925,-0.0653954,-0.109838,0.584207,-0.113831,
0.0216666,0.344144,-0.298041,-0.141915,0.0558095,-0.309384,-0.151278,0.386257,0.43615,
-0.316472,-0.474219,-0.108269,-0.430459,0.14324,0.0251951,0.276993,-0.087605,-0.0390471,
-0.168943,-0.312764,0.428034,0.111237,0.461766,0.267237,0.444835,0.170797,0.511472,
-0.372567,0.189314,-0.244965,0.163552,-0.556431,-0.0572807,0.0969466,0.300192,-0.125863,
-0.391192,0.387861,-0.390227,0.288255,0.342935,-0.0659686,0.229331,-0.046603,0.138659,
0.285006,0.350244,0.179935,0.103565,-0.421225,-0.0959019,-0.412531,0.231568,-0.298457,
0.294788,-0.558589,0.270798,-0.135501,-0.52145,-0.271737,0.295463,-0.460151,-0.391938,
0.0245784,-0.538983,-0.291685,-0.436396,-0.461678,-0.385019,0.178004,0.265451,0.293741,
-0.38719,-0.513435,0.107352,0.0247819,-0.697964,-0.255481,-0.353213,-0.515547,-0.187289,
0.01362,0.0891716,0.111224,0.430009,0.277341,-0.0540187,0.440776,0.380822,0.216412,
-0.491634,-0.190178,-0.437708,0.470693,0.296592,-0.59319,-0.184806,0.0268705,0.127818,
-0.443747,-0.426765,-0.0308995,0.363493,-0.262109,-0.132068,-0.0250653,-0.220326,-0.44926,
0.383504,0.375035,-0.0289533,0.37077,0.659046,-0.254765,-0.246177,0.433197,0.658692,

-0.468213,-0.0181341,-0.590955,-0.197151,-0.556482,0.383423,0.468505,0.345267,-0.308983,
-0.339649,0.423705,-0.156545,0.0355794,-0.37447,-0.424652,-0.321198,0.333196,0.0734772,
-0.318597,0.233792,-0.177316,-0.0655453,0.508421,0.0315344,0.12374,-0.228903,0.066406,
0.61025,-0.384822,-0.142799,-0.332274,0.486956,0.388454,0.145896,-0.276359,0.212317,
-0.0625774,0.280752,0.390459,0.235337,0.276151,-0.0783064,0.02581,0.380197,-0.0665652,
-0.0347195,-0.521257,-0.306249,-0.452349,0.235228,-0.709003,0.456954,-0.177587,0.0787616,
0.51774,0.427791,-0.0923007,-0.25372,-0.306302,0.0051537,0.386235,0.128709,0.0144463,
0.467236,0.0746563,0.826977,0.0230616,0.0886212,-0.350592,-0.416168,0.0347278,0.0583665,
0.100109,0.0330122,-0.128667,0.273042,0.0934206,0.342997,-0.335016,0.563207,0.221821,
-0.0841242,0.0696462,0.346367,0.168133,-0.119044,-0.348682,-0.433727,0.294067,-0.142039,
-0.237653,0.428494,0.441849,0.707462,0.341908,-0.11905,-0.564928,0.286696,0.37177,
-0.203449,-0.219333,-0.426229,0.342008,0.150336,0.716392,-0.46252,-0.564876,0.423945,
0.970196,0.148912,0.41712,0.397107,0.0915767,0.231051,0.220889,-0.490647,0.223344,
0.209719,0.218915,0.186442,0.546972,-0.178595,-0.612263,-0.160211,-0.0619767,-0.293164,
-0.13841,-0.201768,-0.0122767,0.453043,0.472852,0.374198,-0.174484,-0.497587,0.11171,
-0.105211,-0.38456,0.0958612,-0.158757,0.481965,0.232891,-0.356962,-0.104649,0.0375965,
0.294952,-0.416897,-0.41895,0.15939,-0.439979,-0.170875,-0.472371,0.216008,0.399156,
0.205456,0.308349,-0.349979,0.024106,0.471483,-0.185989,-0.263905,-0.343077,0.438018,
0.206108,0.0995638,-0.38447,0.0469868,0.505211,-0.171136,0.343254,0.142216,0.567106,
0.449413,-0.309141,0.20753,0.496312,-0.183175,-0.18869,0.306392,0.0963451,0.534531,
-0.115648,0.34932,0.128047,0.242716,0.16512,-0.242949,0.10554,-0.299042,-0.0789942,
-0.0498847,-0.29171,-0.286412,0.309546,-0.0276215,-0.0705714,0.431139,0.0747639,-0.222091,
-0.116239,0.169096,-0.21265,0.230801,-0.548482,0.301533,-0.117089,0.313509,-0.423801,
0.0911613,-0.278786,0.285455,0.166326,-0.0623785,-0.366856,-0.488702,-0.145481,-0.41673,
-0.208184,-0.331425,-0.212082,0.0389451,0.664391,0.0497756,-0.19351,0.488802,-0.0495732,
-0.0656193,0.444784,0.188962,0.214472,0.170667,-0.561368,-0.448684,0.669056,0.381796,
0.30827,0.511766,-0.50493,-0.356582,-0.21595,0.388872,-0.440358,0.565156,-0.142931,
-0.524672,0.638758,0.265974,0.296146,-0.372035,0.127602,0.369358,-0.0661684,-0.49227,
-0.141153,-0.213008,0.043196,-0.351788,0.184234,-0.428649,-0.0155397,0.175066,-0.308106,
-0.34724,0.481406,0.33913,-0.536778,-0.115814,0.360191,-0.0117522,-0.0691317,0.291673,
0.346304,-0.250522,-0.106248,0.451911,0.298848,-0.127548,0.326307,-0.0671351,0.552897,
0.269482,-0.0853035,-0.368671,0.43732,0.307679,-0.283693,-0.261661,-0.0550495,0.12737,
0.49854,0.24382,0.324499,0.365414,0.643105,-0.544623,0.430398,-0.094364,0.316576,
-0.112783,0.186899,0.536963,0.483251,0.173376,-0.221858,-0.261339,-0.317362,-0.176354,
0.169318,0.485621,0.163341,0.174006,-0.313825,0.0921295,-0.398433,0.0765468,0.430538,
-0.129929,-0.417235,-0.342685,0.0249453,0.262652,-0.152561,-0.0738566,0.570802,0.177746,
0.0149734,0.251323,-0.275475,0.272729,-0.292574,-0.12012,0.0450049,0.133741,0.28369,
-0.133652,0.442518,-0.542473,0.284804,-0.453587,-0.306181,0.463099,0.0444177,0.232559,
0.251657,0.308656,0.140442,-0.0743897,-0.0322437,-0.0794556,0.399776,-0.38453,-0.246274,
-0.329735,-0.423021,0.369254,-0.0257849,-0.092159,0.0986322,-0.212505,0.064522,0.124482,
-0.135969,0.275119,0.329652,0.164809,0.458126,0.100517,-0.367715,0.154147,0.245931,
-0.196741,0.0310722,-0.0684727,-0.323582,0.535456,0.580995,0.214048,-0.383635,-0.0951435,

0.107432,-0.53719,0.676994,0.0707259,-0.192115,0.387894,-0.0987802,0.0483845,-0.314934,
-0.279949,0.392577,0.176848,0.324337,-0.414981,0.29978,-0.459797,0.304169,0.0795113,
-0.167825,0.281722,-0.303802,0.126808,0.0154429,-0.400166,-0.300488,0.0998153,-0.254743,
-0.322722,0.000219434,-0.381737,0.398548,-0.304302,0.352411,-0.233221,-0.241323,0.0587682,
0.0597289,0.146258,0.330962,-0.59379,0.463987,0.2311,-0.0991345,-0.119253,-0.164089,
-0.27214,-0.209744,-0.137067,0.0286488,-0.234115,0.00792751,-0.488848,-0.133838,-0.343792,
-0.402752,0.135348,-0.00248861,0.424451,-0.261203,-0.272717,-0.252356,-0.4003,0.306771,
-0.407275,0.281772,-0.359071,0.0320776,-0.171981,-0.363411,0.414983,0.00100978,-0.101768,
0.0992492,-0.395734,-0.146361,0.39443,0.0833198,-0.410614,-0.297422,0.314805,0.477052,
-0.187311,-0.151425,0.0380754,0.300655,-0.432512,-0.554044,-0.506669,-0.423407,-0.249021,
0.296341,-0.462329,-0.34487,0.0572401,0.159273,-0.212652,0.173694,-0.212959,-0.146908,
0.289374,0.133971,0.462478,-0.107139,-0.402548,0.271677,0.00781532,0.291582,-0.242712,
-0.032483,-0.537495,-0.489447,-0.272771,0.387882,-0.460056,0.50113,-0.401963,-0.318545,
0.0290393,-0.264469,-0.26927,0.230572,-0.269762,-0.0883569,0.0397189,0.511295,-0.387779,
0.256343,0.164302,-0.197842,-0.0158483,-0.00634452,0.353457,0.268312,-0.238859,0.304802,
-0.0980743,-0.168789,-0.163867,-0.137736,-0.328295,-0.0357694,-0.256968,0.261067,-0.442479,
0.413435,-0.116571,-0.28483,-0.193665,-0.286524,-0.0438272,-0.0908634,-0.197759,-0.0396725,
-0.158227,0.33285,-0.189742,0.256715,-0.29293,0.0942874,-0.453175,0.397259,-0.486292,
-0.212205,-0.0682778,0.15806,-0.155488,0.338411,-0.0639684,-0.222257,-0.160156,-0.19949,
0.131957,-0.241211,0.0820742,-0.473304,-0.555601,-0.100248,0.118915,0.457742,0.232274,
-0.0515553,-0.360734,-0.401252,-0.184389,-0.463122,0.0644653,0.501131,0.216465,0.537029,
-0.111287,-0.0674391,-0.0211687,0.288099,-0.495707,-0.444362,0.102751,0.487539,0.0690436,
0.422979,-0.391153,0.0153576,-0.194913,0.154967,0.0623846,0.371808,0.647348,0.149997,
-0.49797,-0.49321,-0.367895,0.253852,-0.0429723,0.324922,-0.208394,0.0464796,0.256729,
-0.281642,0.373179,-0.263796,0.341408,-0.109814,0.139039,0.450838,-0.12123,0.219923,
-0.472941,0.0135631,0.52644,-0.424112,-0.0902581,-0.0441563,0.223626,-0.284829,-0.36785,
-0.403045,0.0785535,-0.287739,-0.299602,0.332754,-0.0397707,0.378334,0.392365,-0.270978,
0.141353,0.604469,-0.130006,0.076591,-0.430341,0.426214,0.446971,0.366059,-0.414317,
0.316516,0.0334969,-0.0920137,0.12221,-0.675463,0.222596,0.183308,-0.403853,-0.38324,
0.045314,-0.299858,0.00804359,0.103245,0.613534,-0.0464563,-0.00754474,0.0286236,0.196079,
-0.199554,0.270402,-0.22176,0.156207,-0.499001,0.0716604,-0.215464,-0.353564,-0.373173,
0.25761,0.353208,0.0554119,0.140177,0.277725,-0.0148169,-0.373639,0.408279,-0.0834584,
0.277916,0.0488552,-0.188126,0.338297,-0.589912,0.213958,-0.00611815,0.0527531,-0.325041,
-0.178289,0.403817,0.309696,0.31412,0.412525,-0.028173,-0.134876,-0.363186,0.185614,
-0.497762,0.625693,0.00406554,0.0067552,-0.162492,0.294274,0.313702,0.105761,-0.121177,
0.330056,0.074634,-0.0968471,0.277135,-0.184149,0.0282279,0.335865,0.43612,0.0420683,
0.251947,-0.322703,-0.216556,-0.457641,0.195809,-0.321305,-0.299129,0.38947,0.465167,
0.438166,-0.380903,0.299532,-0.396441,0.353575,0.311347,-0.0501147,-0.415577,-0.0890361,
-0.222223,0.223964,-0.0948493,-0.254171,0.238823,-0.329355,-0.444336,-0.336541,0.00757039,
0.405236,0.372113,-0.134925,-0.0215025,0.290633,-0.164018,0.284131,0.147693,-0.329674,
0.405331,-0.306801,0.243489,0.638539,-0.465717,-0.237353,0.350003,0.168726,0.258749,
-0.298572,-0.204447,-0.303243,0.102821,0.322326,-0.36182,-0.174754,0.379329,0.0464694,

0.0367507,0.182263,-0.540605,0.0795287,-0.204215,-0.339281,-0.217607,-0.49051,-0.3563,
0.162128,0.553902,0.0400225,0.129886,0.265935,-0.509467,0.100619,0.159415,-0.0527066,
0.371752,-0.478673,0.439203,0.296684,0.163968,0.0874674,0.0225608,0.307033,0.0984615,
0.160066,-0.0891794,0.0237353,0.49326,0.453997,-0.415003,-0.493158,0.147701,-0.0330424,
0.0460882,-0.0734426,-0.443622,-0.526077,0.425015,0.253258,-0.225864,-0.0513193,-0.375943,
0.370524,-0.255904,-0.297888,0.384423,0.327674,-0.0211966,0.195217,-0.00255598,-0.253627,
-0.25108,0.144213,-0.197022,-0.16632,0.162431,0.0513826,-0.329254,-0.0672925,0.377382,
0.165251,0.224684,-0.0688412,0.246685,0.066923,-0.0672807,0.296123,-0.191406,-0.155381,
-0.0956342,-0.0285402,-0.372788,0.43816,0.308809,-0.0671965,-0.291854,0.160938,0.290958,
0.169883,0.355599,0.0667128,-0.368134,0.182606,0.109835,0.113183,-0.144967,0.423937,
-0.390026,-0.06211,-0.0813384,0.391232,-0.339548,-0.335255,-0.444467,0.193412,0.148845,
0.271653,0.254982,-0.376294,-0.447514,-0.106111,-0.0407466,-0.559913,0.0681551,0.32865,
0.0843683,-0.103816,-0.391506,-0.404375,0.166431,-0.0437159,-0.345704,-0.569627,-0.475117,
-0.0572396,-0.337724,-0.0308549,-0.453242,0.220574,-0.457925,-0.15614,0.48622,-0.414503,
-0.129514,-0.193496,0.170386,-0.673398,0.682595,-0.0609751,0.150844,-0.109865,0.468336,
0.303927,-0.273466,0.210118,-0.0525407,0.331062,0.259442,0.200224,-0.392674,0.297902,
0.489549,0.285657,-0.108844,-0.0161499,0.395397,0.514857,-0.147286,0.399526,-0.114275,
-0.114146,0.341909,0.234918,-0.0654498,0.0573182,-0.0790299,0.289007,-0.40137,0.144586,
0.24463,0.419416,-0.216303,0.412073,0.288052,0.49993,0.340343,-0.219348,-0.151403,
0.635387,0.0328282,-0.0518565,0.509501,0.00393498,-0.49319,-0.38409,-0.359126,-0.483316,
0.286815,0.110385,0.287936,-0.199127,-0.380596,-0.417385,0.213573,0.0409786,-0.344849,
-0.244064,0.397647,-0.180921,-0.211435,-0.268154,-0.10717,-0.298146,0.0985681,-0.209021,
0.359067,-0.241815,0.310146,0.023324,0.370422,-0.285757,0.195057,0.375726,0.247282,
0.392476,-0.21716,-0.0162134,-0.527535,-0.0764699,0.179236,0.218885,-0.325047,0.0703757,
0.0404414,0.089445,0.487179,0.370144,-0.0627602,0.38641,0.271253,0.636666,0.16622,
-0.197097,0.321027,0.119636,-0.487316,0.460171,0.18706,0.277379,0.081589,0.0135035,
-0.548321,-0.00586204,-0.326128,0.302934,-0.316064,-0.120805,-0.0260509,-0.258524,-0.0575411,
-0.547857,0.181904,-0.361604,-0.385129,0.0587703,-0.036086,-0.296253,0.255718,-0.479676,
0.374511,-0.49721,0.0083999,0.222891,-0.0784023,-0.470573,-0.240035,0.350961,0.442214,
0.0460387,0.437271,0.388048,-0.516827,-0.205356,0.2934,0.488474,-0.0178527,-0.177142,
0.26266,-0.267917,-0.0611818,-0.0252638,0.610849,-0.29691,-0.238824,0.320686,-0.394981,
-0.40637,0.1222,-0.0716436,0.182197,-0.348233,-0.214731,0.309188,-0.122691,-0.255925,
0.335005,0.0109804,0.0780731,-0.16275,-0.359562,-0.0982584,-0.106291,-0.194943,-0.242874,
-0.198522,-0.435694,-0.0261666,-0.224801,-0.455762,0.367208,0.039729,-0.327765,0.054365,
-0.161474,-0.13932,-0.387525,0.100742,-0.125289,-0.0535626,-0.0630672,-0.312429,-0.195702,
-0.437176,-0.20914,0.239674,-0.28747,0.481491,0.332367,0.636561,-0.0828755,0.30813,
-0.211337,0.113359,-0.0444213,0.446808,-0.241007,-0.134741,0.0369513,-0.0656378,-0.230188,
-0.218873,-0.208131,-0.074191,0.384511,-0.414301,0.419176,-0.586042,-0.487678,0.477202,
0.291674,0.34382,-0.10267,-0.33631,0.3534,-0.523417,-0.400152,0.338455,-0.357624,
-0.430432,0.197027,0.190337,-0.294839,-0.335629,0.0785723,0.274978,0.415477,0.450813,
0.187143,0.439114,0.0390223,-0.350904,-0.201171,0.461957,0.177596,-0.119159,-0.0787596,
0.251432,0.544939,0.0782701,-0.3853,-0.173984,-0.144078,0.0306848,-0.0298165,0.200615,

-0.433589,-0.193913,-0.466384,0.460716,0.277324,-0.11282,-0.211929,0.576043,0.123944,
0.415016,0.10567,-0.373557,-0.105538,0.473757,-0.283009,0.00381577,-0.283724,0.467,
0.495659,0.500525,0.0932358,-0.0417493,-0.212707,0.239066,0.238806,-0.277234,0.39597,
-0.7017,0.367081,0.418154,0.0603124,-0.329747,0.211764,-0.253987,0.367727,-0.367781,
0.126518,0.372789,-0.497571,-0.223819,-0.0819304,-0.240023,0.161581,0.0970679,0.0157896,
0.201139,-0.492493,0.309923,0.188933,0.304195,0.0307798,-0.141873,0.55722,0.14059,
-0.318325,-0.245774,-0.145431,0.115853,-0.0096527,0.226237,-0.327522,0.447685,0.112727,
-0.544639,-0.0899155,0.350079,0.298142,0.0178639,0.0313194,-0.0724179,-0.387706,0.435014,
-0.148902,-0.199944,-0.275474,-0.482,0.252785,-0.0299904,-0.0149718,-0.0415963,-0.421785,
0.195612,-0.136771,0.382257,0.669674,0.422339,-0.0678806,-0.205155,0.503902,0.0754383,
0.463587,-0.00515078,-0.444247,0.397353,-0.252995,-0.261193,-0.499375,0.32926,-0.0654432,
0.337863,0.322413,-0.420682,-0.0293284,0.547351,0.598679,0.344277,0.635771,-0.0173189,
0.0356459,0.323753,-0.427002,-0.098364,-0.289192,-0.20957,0.0353999,-0.192831,-0.193721,
-0.0544374,0.302487,0.179826,-0.353038,0.122722,-0.328932,0.398736,-0.065418,0.16449,
-0.274967,0.406425,0.620773,0.404135,-0.224804,-0.356681,-0.493989,0.0934748,0.649197,
0.168262,0.109202,-0.585673,0.186866,-0.316412,-0.130043,0.0443399,-0.497593,-0.644926,
0.168086,0.355058,-0.508313,0.444862,-0.237487,0.339977,0.351995,-0.338032,-0.0142893,
0.152762,-0.48701,-0.0439048,0.379971,-0.189537,0.36733,0.088927,-0.286163,0.190636,
-0.654196,0.0655081,-0.0488762,0.227252,0.389305,-0.507521,0.359921,-0.0222029,0.389394,
-0.206204,0.248256,-0.162774,-0.221243,-0.283312,-0.163387,0.157378,0.365565,-0.116936,
-0.312449,-0.102429,0.305544,0.0302081,-0.112664,-0.0929613,0.524992,-0.446552,-0.270131,
-0.511963,0.0618482,-0.189517,0.481446,0.521182,-0.0701055,-0.046408,0.518229,0.225506,
-0.0478265,0.0295691,0.361127,-0.00156492,-0.176997,0.371612,-0.230276,0.28294,0.431276,
-0.38426,-0.096783,0.421564,0.0356074,-0.709791,-0.117471,-0.431036,-0.275886,0.444006,
0.136444,0.322497,0.103731,-0.340801,-0.174435,-0.043975,-0.229245,0.173379,0.571311,
0.269728,-0.00355425,0.387932,0.144129,-0.228202,0.40965,-0.488546,-0.749715,0.178266,
0.0863819,-0.225803,-0.2573,0.488781,-0.284896,-0.0868218,-0.0436242,0.4003,-0.0615958,
0.302703,-0.145496,-0.419128,0.125504,0.0117405,0.0939091,0.15207,0.452614,0.0907144,
-0.201716,-0.587443,-0.019521,0.362544,-0.405616,-0.396883,0.360991,-0.473381,-0.223005,
0.31181,-0.279653,0.0876826,-0.376899,-0.246389,-0.0871956,0.0496532,-0.744591,-0.221349,
0.546091,-0.283289,-0.265501,0.15979,-0.0302881,-0.430312,-0.435068,0.292196,0.44338,
0.195319,-0.0186663,0.0538546,-0.197162,-0.230919,0.282743,0.0539427,0.181955,-0.231281,
-0.423414,0.438867,-0.11743,0.0957224,-0.174478,0.511439,0.17049,-0.185636,0.412219,
0.352268,-0.156627,0.160166,-0.116764,0.20827,0.154494,0.116723,-0.15879,-0.390867,
-0.359097,-0.202869,0.450034,-0.323511,0.225226,0.294415,-0.177048,-0.311954,0.115255,
0.122645,-0.344901,0.0959752,0.0170094,-0.590899,0.221327,-0.40129,0.428845,0.0267726,
-0.347426,-0.251098,0.189128,0.0838952,0.14911,-0.388944,-0.122685,-0.222969,-0.155042,
-0.291542,-0.374664,0.330731,0.358001,0.116202,0.147384,0.428867,-0.165744,0.142084,
0.255433,0.00484036,-0.0308948,0.147939,-0.143347,-0.0144665,0.0426335,-0.0787559,0.47285,
0.15746,0.269934,-0.127766,0.394725,-0.0420652,-0.236843,0.494154,-0.116502,0.0848992,
0.0461145,0.124284,0.353297,0.144576,0.365133,0.429241,-0.431972,0.476052,0.373432,
-0.368534,-0.565764,0.3801,-0.0282109,0.360891,-0.090814,0.1356,0.315793,0.00557607,

-0.0223547,0.325382,0.130924,0.0862869,0.0185384,0.512342,0.122226,-0.0707503,-0.215921,
-0.411518,0.154448,-0.219939,-0.171999,0.463572,0.284016,0.18044,0.175038,-0.196218,
0.220638,-0.164539,-0.0762259,0.315405,0.331182,0.43366,0.336443,-0.279635,-0.308645,
0.281162,0.06255,0.233829,-0.360579,-0.292649,0.251224,-0.0335505,-0.368674,0.154827,
0.514306,-0.168903,-0.172976,0.279756,0.271931,0.1232,0.358161,-0.26008,0.371283,
-0.12509,-0.166461,0.425144,0.451907,0.0605871,-0.636028,0.522044,-0.0579265,-0.131038,
0.152965,0.491019,-0.101104,-0.0336614,-0.415265,-0.167171,-0.143693,-0.372498,-0.368037,
0.460792,-0.23138,0.268794,0.203953,0.232915,0.432303,0.267166,-0.0488966,0.0526681,
0.338702,-0.23856,-0.295016,-0.4539,0.0453538,0.186665,-0.279668,-0.408864,0.18259,
-0.0874021,-0.165811,-0.481527,-0.12342,-0.177015,0.0611748,-0.181911,0.205727,-0.116019,
-0.293569,0.433978,-0.328695,-0.215037,0.443684,0.220086,0.027076,-0.00330912,-0.237781,
0.01543,0.0586505,-0.226094,0.389394,-0.371136,0.274075,-0.130459,-0.10943,0.549188,
-0.481884,0.19404,-0.166597,0.287187,-0.0299365,-0.308078,0.268058,-0.153135,-0.1371,
-0.593845,-0.213122,0.229248,-0.0316065,0.166938,0.162981,0.649902,-0.17214,0.674488,
-0.110813,0.0832471,-0.152814,-0.385127,-0.246282,-0.14292,-0.0146206,0.0843093,-0.182234,
-0.221587,-0.244733,0.0110025,0.261978,-0.116587,0.02148,0.37392,0.2059,0.0413275,
0.329417,-0.579106,-0.505209,0.376103,-0.0088146,0.124747,0.399215,0.365841,-0.181655,
-0.0927277,-0.0196561,0.190579,-0.01446,0.32442,-0.464589,0.186051,-0.0709412,-0.0222549,
-0.209421,-0.0602245,0.594208,0.552716,0.420192,-0.251175,0.251233,0.38216,0.171717,
-0.132231,0.273742,-0.0860296,-0.327975,-0.549618,0.484448,-0.297227,-0.433373,0.613351,
0.406647,-0.00656977,0.341852,-0.305048,-0.255212,-0.134312,0.306254,0.323968,0.0360594,
-0.202602,0.385037,0.124444,0.123043,-0.142684,0.146468,-0.0561113,-0.469865,0.277881,
0.109327,0.133872,0.00878721,-0.29097,-0.0369098,-0.0586974,-0.143673,-0.513036,0.415793,
0.122487,-0.296692,-0.340717,-0.103982,0.448764,0.455896,0.211464,-0.299711,0.271926,
0.041518,-0.242916,-0.569562,-0.00637317,0.596904,-0.486086,0.184864,0.15285,-0.0847802,
0.441303,0.102843,0.160751,0.115611,-0.201849,0.330368,-0.366541,-0.58086,0.639216,
-0.316788,-0.545626,0.459117,0.125032,-0.380833,-0.451885,0.579396,0.417621,0.2563,
0.436996,0.119912,0.25916,-0.0455754,-0.321076,0.168896,-0.254176,-0.0723531,0.26853,
0.175745,0.115125,-0.556641,0.316422,0.225159,0.00078056,0.208588,0.399429,0.452351,
0.143238,-0.259328,0.349552,-0.194947,-0.670603,0.183781,0.0346191,-0.169988,0.517561,
0.330689,0.163386,-0.0353006,-0.0919439,0.119387,-0.287607,0.174497,0.081606,0.490287,
-0.00731421,-0.245203,-0.332546,0.158323,0.27548,0.369286,0.247264,0.0848622,-0.409627,
-0.460919,0.153633,0.452141,-0.486288,-0.253101,-0.547597,0.06047,0.0243666,-0.415839,
0.407623,0.267438,-0.0979746,-0.449012,-0.496995,-0.407025,-0.198616,-0.366016,-0.389296,
-0.0394098,0.184201,-0.0176947,-0.300173,0.219702,0.642325,-0.116965,-0.00490103,0.409217,
0.53261,-0.106109,-0.160896,0.293968,-0.409754,0.271478,0.0494356,0.244026,-0.131204,
0.299939,0.628545,-0.359759,-0.262603,-0.403369,-0.303174,0.454384,-0.00628729,-0.437612,
0.436976,-0.0757467,-0.266135,-0.342921,0.174223,0.301221,-0.248997,-0.412224,-0.0243937,
0.244934,0.15292,0.386557,0.468117,-0.0599307,0.227014,0.083774,-0.296231,-0.169103,
0.0894662,0.173734,0.300876,-0.00712754,0.129857,0.470082,0.392722,-0.494805,0.154682,
0.206056,-0.0334862,-0.15808,-0.411748,-0.333199,-0.520789,0.00999737,0.0314627,-0.151211,
0.536226,-0.0609323,-0.37772,-0.0729005,0.0558646,-0.367435,-0.00976846,0.315924,-0.217468,

-0.315534,0.0905923,0.190739,-0.0936611,0.177356,-0.232127,0.0445572,0.0616845,0.43403,
0.0304718,0.437166,-0.0435152,-0.0584896,-0.067068,-0.170705,-0.44236,0.265685,-0.21249,
-0.18303,0.081553,-0.122559,-0.339287,-0.144172,0.473346,0.428822,0.0836125,-0.228842,
-0.00449702,0.0861776,-0.014382,0.277424,-0.162711,0.406455,0.0138816,-0.182608,-0.0162067,
0.272167,-0.0155738,-0.185184,0.273234,0.329619,0.0330918,-0.23348,-0.484674,-0.241904,
0.0538895,-0.0189905,-0.0542065,0.350211,-0.369039,0.168169,-0.454395,-0.224937,0.0772339,
-0.285247,-0.304608,0.109168,-0.168278,0.262687,0.0802481,0.409646,-0.475548,0.510533,
0.0725875,0.269712,0.109037,0.273321,-0.443623,0.189452,0.0961262,0.281085,-0.117879,
-0.172921,0.541642,0.69305,-0.313659,0.496145,-0.0372598,0.556852,0.257963,-0.284823,
-0.167073,-0.124577,0.189854,-0.0402191,0.359203,-0.302138,-0.36378,-0.100909,-0.433444,
0.333445,-0.0913171,-0.389859,-0.0825714,0.115885,0.493731,0.262856,-0.400906,0.101182,
0.351153,-0.0828321,0.269693,-0.0752169,-0.524487,0.120995,0.205766,0.364126,0.302295,
-0.0124585,-0.018592,0.296816,0.117414,-0.503023,-0.358258,0.371875,-0.416752,0.110688,
-0.135125,-0.04284,0.1596,-0.179931,-0.3832,0.221881,-0.371777,0.42862,0.46085,
-0.498875,0.414125,-0.361784,0.0628256,-0.375314,-0.102426,-0.0704497,0.179777,-0.169389,
-0.692443,0.305028,-0.0770355,0.250245,0.133772,0.24835,0.197651,-0.266484,0.383177,
-0.288037,0.16596,-0.0979443,-0.65954,-0.469798,-0.33173,0.0832155,-0.222992,0.476632,
-0.526147,0.354705,0.128878,0.148324,-0.0515191,0.463735,-0.157916,-0.0832987,0.182054,
0.361885,-0.391246,0.496676,-0.384583,0.0671229,-0.235367,-0.131503,-0.0513363,-0.450249,
-0.149924,-0.498537,-0.278674,-0.271833,-0.564307,0.110052,0.0677249,-0.0572837,-0.256062,
0.486556,0.548109,0.0136317,0.399443,0.441779,-0.00955991,-0.0368397,-0.122359,0.0821813,
-0.296747,-0.27199,0.662588,-0.332091,0.117997,0.354162,-0.232914,0.100566,-0.425085,
0.01638,-0.424011,0.224825,0.088599,-0.474551,-0.146083,-0.0321552,-0.535903,0.179964,
-0.393041,-0.0863439,0.126544,-0.240813,0.280176,0.315757,-0.195625,0.232349,-0.0773725,
0.388418,0.342012,0.102537,-0.339151,-0.147425,0.122602,-0.0353399,0.497776,-0.138258,
0.00195337,-0.144429,-0.39566,-0.540023,-0.306717,-0.228758,-0.359819,-0.128903,-0.181732,
-0.303737,0.0823363,0.251011,-0.626028,-0.254333,-0.29655,-0.191407,-0.0345487,-0.231342,
0.544826,0.193142,-0.526869,0.297112,0.393991,-0.290085,-0.339317,-0.0602259,-0.425842,
0.508509,-0.229619,-0.243472,0.426089,0.414743,0.300745,-0.205173,-0.144084,-0.334654,
-0.400862,0.299184,0.0249287,-0.0177606,-0.691139,0.34098,-0.222097,-0.34917,0.0057062,
-0.670401,0.442137,-0.266625,0.146706,-0.391643,0.354864,-0.0672097,-0.0245511,0.312492,
-0.497211,-0.0895461,-0.114324,0.112258,0.149283,0.281819,-0.395589,-0.0277701,0.335441,
0.183836,-0.0607419,-0.0191054,0.230255,-0.0891043,-0.0251822,-0.436562,0.492969,-0.354102,
0.17308,0.135186,-0.394324,-0.83126,0.200033,0.272829,0.342039,0.362238,-0.177248,
-0.46025,-0.110072,0.364235,-0.16586,-0.438386,-0.359245,0.329569,0.231839,0.00432426,
-0.114039,0.129122,-0.0882695,-0.451125,0.173151,0.20716,-0.393046,0.0955901,0.198389,
0.00888432,-0.0528836,0.186044,-0.215832,0.125822,0.216422,0.405234,-0.0395573,-0.163095,
0.120507,-0.135849,-0.182039,-0.363367,0.185397,-0.0692863,0.0650707,-0.0561141,0.460807,
-0.479224,0.34727,0.0418339,-0.0436383,0.351318,0.0132756,0.0966307,0.158873,0.223596,
-0.113511,-0.448602,-0.128899,-0.201983,-0.317802,0.196337,0.352996,0.380457,-0.179121,
-0.243156,-0.225063,-0.194045,0.0744319,-0.017327,-0.227162,-0.725422,0.295514,-0.340562,
-0.392874,0.534506,0.278647,0.172731,-0.137136,0.476555,0.356056,0.168768,-0.134887,

-0.379143,0.144117,-0.0583487,0.261128,0.453784,-0.0329019,0.144339,-0.306572,-0.141048,
-0.312543,-0.108965,0.168272,0.0938599,-0.053629,-0.244839,-0.268734,0.242278,-0.386843,
0.0644602,0.0611292,0.176085,-0.587974,0.319131,0.557087,-0.321672,0.336281,-0.306118,
0.0273234,0.295362,0.138558,0.499399,-0.444762,-0.145377,0.352633,-0.42402,-0.0926946,
-0.263195,-0.343273,0.344833,0.578344,0.436239,0.577651,0.277319,0.0468771,-0.0688034,
-0.279396,0.280544,0.266905,0.361335,0.46905,-0.367969,-0.323376,0.194354,-0.273,
0.538388,0.480562,0.170561,-0.282921,-0.0697214,-0.413081,0.155696,0.0015839,0.0783569,
0.384823,0.360076,0.477889,-0.362502,-0.32303,-0.321857,-0.123491,-0.503098,0.190616,
0.0240162,-0.157866,0.225685,0.346337,-0.154589,0.0333946,0.000107968,-0.241727,-0.0349928,
0.0156228,0.33034,0.272702,0.352237,0.635553,-0.31025,-0.133261,0.461663,-0.672101,
-0.029454,0.37989,0.156492,-0.351456,0.487973,0.0197988,0.0213795,-0.262022,0.0484719,
-0.164793,-0.334723,0.285713,-0.0340411,-0.451789,-0.0777038,0.35423,-0.443532,-0.0908777,
0.134175,0.109918,-0.473685,0.45994,0.271368,0.026004,0.173372,-0.110008,-0.212044,
0.203709,0.383619,0.197563,-0.138067,-0.146118,-0.570719,0.150452,0.505575,0.253581,
0.0974074,0.291595,0.158774,0.391182,0.528666,0.217897,0.436551,0.498959,0.757262,
0.012477,-0.136184,-0.19059,0.0974629,0.478208,-0.121882,-0.472751,-0.337403,0.104691,
-0.328636,0.122495,-0.170025,-0.470453,-0.484607,-0.179969,0.306293,0.495375,-0.339347,
-0.348765,0.590109,-0.436831,-0.175619,0.193068,-0.0253709,-0.0880768,0.428212,-0.419536,
-0.27839,-0.167319,-0.252881,0.549045,-0.210614,-0.0670894,0.528135,-0.206304,0.207277,
-0.332773,-0.564418,-0.144497,-0.145919,0.304912,-0.520874,-0.0944228,-0.195122,-0.350333,
-0.31161,-0.326016,-0.457426,0.42125,-0.499293,-0.222295,-0.25636,-0.134963,0.311859,
-0.432303,0.335328,0.42449,0.414135,-0.0945024,-0.590973,-0.0184135,-0.00441996,-0.0578584,
-0.267514,-0.43292,-0.467233,-0.62019,-0.0114196,-0.160673,0.0510402,0.302259,0.214179,
-0.55832,0.287723,0.303,-0.445978,0.331357,0.475223,-0.242166,-0.230123,-0.127328,
-0.481098,-0.382824,0.5026,-0.497015,0.452612,0.277427,-0.329923,0.299192,-0.210162,
-0.193282,-0.328425,0.404469,-0.442294,0.0813184,0.0471854,-0.447275,0.440608,0.0532632,
0.0492603,0.0123084,0.0534834,-0.251618,0.0826152,-0.0590004,0.583753,-0.139049,-0.0359309,
-0.165308,0.0380414,-0.396807,0.175746,-0.241896,-0.0459549,-0.441159,-0.194405,0.0477885,
-0.378012,0.479277,0.492894,0.473022,0.101543,-0.432099,-0.0873015,0.23391,-0.12181,
0.513286,-0.109795,-0.125566,-0.401717,0.398986,-0.402087,-0.0841527,0.339089,0.0838757,
-0.480839,-0.536211,0.388389,0.292991,-0.0211397,0.1501,-0.562681,-0.00488212,0.383669,
-0.314634,0.157729,-0.0178238,-0.269275,0.0246879,-0.0676232,-0.151556,-0.296905,0.186615,
-0.0888412,0.527705,0.0427326,0.187706,0.406886,0.325611,0.490649,0.0351142,-0.214133,
0.506113,-0.0222517,0.529884,0.245956,0.483058,0.175427,0.0828913,-0.105419,0.419078,
-0.23544,-0.0163741,0.151341,0.168474,-0.405651,0.12688,0.357452,0.521897,-0.0241449,
-0.179631,-0.0926436,0.544097,-0.455,0.62071,0.313803,-0.547626,-0.354559,-0.0156189,
0.117766,0.274913,-0.194726,0.0738782,0.185575,-0.0567782,-0.253453,0.409449,-0.461929,
0.484518,0.324853,0.379785,0.30707,0.247856,0.226436,-0.474633,-0.421118,-0.289333,
-0.0718765,-0.0645038,0.0722547,0.211934,0.163064,-0.147294,0.323817,-0.499028,-0.450762,
-0.352877,-0.133296,-0.484737,0.178122,-0.197302,0.451107,-0.146832,0.349076,-0.0689033,
0.143252,0.36553,-0.361135,-0.366011,-0.185631,-0.108261,-0.450309,0.499417,-0.0421473,
0.180724,0.54265,-0.152831,0.132869,0.077772,0.0907304,0.0315677,0.290879,-0.380364,

-0.54712,0.318241,
0.359846,-0.13023,
-0.625882,0.360722,
-0.537903,0.292304,
0.206077,-0.165378,
-0.336434,0.38756,
0.435937,-0.0933062,
0.0181151,0.0502893,
0.334785,0.319557,

-0.390746,0.293255,
-0.195145,-0.441181,
-0.0972921,0.177063,
0.0307782,-0.300029,
-0.302688,-0.310961,
0.209485,0.0479986,
-0.212979,-0.329609,
0.188632,0.529656,
-0.412938,-0.246304,

-0.626495,-0.297049,
0.140136,0.165684,
0.404884,-0.234214,
0.00330313,0.0889236,
0.281693,-0.398075,
0.454959,-0.701185,
-0.237594,0.239613,
0.444519,-0.0392424,
-0.0274579,-0.42755,

0.110404,0.505567,
0.0794715,0.477677,
0.0963982,0.226795,
-0.0484298,0.29999,
0.298562,0.0111198,
-0.23482,-0.227329,
0.16072,0.535719,
0.235118,-0.033496,
-0.478179,-0.0518747,

0.173746,-0.0376586,
0.472865,-0.608214,
0.399797,-0.172833,
-0.458023,0.27188,
-0.342005,0.439514,
0.158107,0.378445,
0.433047,0.360421,
0.209141,-0.180855,
-0.0290591,-0.237519,

0.352008,0.0539232,
0.370871,-0.117872,
-0.345011,-0.322946,
0.345351,0.332424,
0.485793,0.519517,
0.2793,0.0365433,
-0.382511,0.154158,
0.455692,0.0354478,
-0.240268,-0.443035,

-0.617073,0.300862,
-0.232561,0.382995,
0.256304,-0.143198,
0.499166,-0.385066,
-0.154684,-0.032129,
-0.122636,0.168812,
-0.0631507,-0.520202,
0.367883,0.112066,
-0.0186342,0.105603,

0.140923,-0.417761,
0.497296,-0.197257,
0.660174,-0.148382,
0.146751,0.0930102,
-0.255404,-0.0752017,
-0.416022,-0.179688,
0.308613,0.388223,
-0.204962,-0.0291934,
0.18987,0.200964,

0.0222115,-0.0711747,
-0.511069,0.702266,
-0.0907688,0.579987,
0.194679,-0.0565996,
-0.28539,-0.63168,
0.141571,-0.460538,
-0.0366592,0.0142594,
-0.0151603,-0.304319,
0.406186,-0.275394,

-0.319839,
0.382256,
-0.346135,
0.12079,
0.300035,
0.434207,
-0.367647,
-0.32807,
-0.0674054,

0.184123,
0.364964,
0.695504,
0.332708,
0.118736,
0.359725,
-0.00303405,
-0.00944007,
-0.435163,

